100 20
1 11 2 74 3 85 4 80 5 81 6 63 7 26 8 2 9 76 10 78 11 58 12 27 13 34 14 69 15 34 16 9 17 3 18 77 19 85 20 92 
1 32 2 67 3 6 4 27 5 16 6 90 7 87 8 44 9 70 10 50 11 5 12 63 13 81 14 67 15 67 16 64 17 20 18 86 19 29 20 44 
1 58 2 6 3 51 4 27 5 79 6 41 7 70 8 71 9 91 10 64 11 11 12 68 13 86 14 12 15 2 16 83 17 36 18 23 19 42 20 25 
1 49 2 43 3 68 4 8 5 37 6 76 7 57 8 34 9 77 10 69 11 34 12 16 13 70 14 48 15 22 16 71 17 2 18 10 19 49 20 43 
1 41 2 78 3 74 4 66 5 64 6 83 7 67 8 26 9 22 10 77 11 69 12 30 13 15 14 23 15 4 16 34 17 37 18 25 19 61 20 79 
1 75 2 59 3 21 4 83 5 71 6 29 7 51 8 70 9 35 10 92 11 29 12 77 13 56 14 47 15 93 16 79 17 86 18 64 19 45 20 2 
1 18 2 92 3 8 4 86 5 51 6 89 7 96 8 41 9 78 10 40 11 81 12 77 13 46 14 45 15 80 16 58 17 83 18 33 19 77 20 47 
1 24 2 23 3 49 4 40 5 92 6 38 7 34 8 89 9 42 10 28 11 91 12 23 13 52 14 96 15 72 16 72 17 6 18 68 19 73 20 80 
1 40 2 43 3 6 4 58 5 97 6 24 7 88 8 46 9 32 10 17 11 70 12 36 13 3 14 15 15 21 16 30 17 58 18 1 19 73 20 63 
1 19 2 98 3 87 4 73 5 89 6 74 7 33 8 72 9 17 10 38 11 47 12 90 13 45 14 57 15 46 16 38 17 74 18 61 19 2 20 66 
1 26 2 26 3 38 4 92 5 87 6 85 7 75 8 17 9 69 10 99 11 55 12 96 13 67 14 13 15 50 16 48 17 15 18 95 19 27 20 65 
1 92 2 3 3 3 4 86 5 65 6 40 7 12 8 87 9 39 10 43 11 17 12 10 13 22 14 30 15 64 16 96 17 59 18 25 19 67 20 92 
1 21 2 35 3 42 4 63 5 37 6 64 7 64 8 49 9 6 10 27 11 40 12 87 13 98 14 98 15 34 16 39 17 59 18 25 19 34 20 70 
1 42 2 93 3 14 4 30 5 3 6 83 7 12 8 85 9 59 10 40 11 34 12 22 13 68 14 53 15 32 16 69 17 22 18 7 19 9 20 54 
1 30 2 24 3 60 4 97 5 4 6 53 7 61 8 35 9 8 10 48 11 23 12 1 13 47 14 79 15 25 16 30 17 41 18 59 19 25 20 71 
1 98 2 6 3 12 4 43 5 12 6 45 7 2 8 8 9 8 10 97 11 70 12 64 13 6 14 9 15 46 16 75 17 4 18 37 19 40 20 67 
1 43 2 23 3 82 4 51 5 84 6 84 7 19 8 78 9 48 10 66 11 97 12 70 13 45 14 21 15 17 16 85 17 55 18 50 19 73 20 83 
1 85 2 20 3 28 4 6 5 85 6 61 7 6 8 16 9 38 10 7 11 28 12 80 13 56 14 24 15 84 16 36 17 3 18 99 19 82 20 55 
1 24 2 64 3 59 4 20 5 19 6 72 7 27 8 58 9 28 10 21 11 27 12 81 13 58 14 69 15 65 16 75 17 49 18 20 19 53 20 74 
1 44 2 27 3 55 4 61 5 40 6 49 7 75 8 15 9 88 10 99 11 34 12 82 13 50 14 61 15 79 16 87 17 40 18 48 19 71 20 21 
1 66 2 62 3 58 4 64 5 32 6 91 7 88 8 5 9 76 10 81 11 58 12 39 13 35 14 36 15 18 16 92 17 47 18 67 19 97 20 90 
1 39 2 57 3 36 4 91 5 50 6 27 7 19 8 71 9 73 10 5 11 9 12 63 13 95 14 49 15 2 16 17 17 66 18 10 19 86 20 94 
1 35 2 70 3 12 4 73 5 87 6 56 7 91 8 43 9 47 10 30 11 78 12 74 13 62 14 63 15 75 16 66 17 21 18 86 19 12 20 66 
1 4 2 15 3 92 4 97 5 98 6 92 7 45 8 3 9 9 10 46 11 12 12 33 13 17 14 45 15 55 16 59 17 64 18 83 19 48 20 6 
1 74 2 27 3 54 4 93 5 70 6 53 7 50 8 22 9 16 10 48 11 10 12 36 13 12 14 17 15 97 16 22 17 91 18 91 19 32 20 67 
1 43 2 31 3 45 4 25 5 34 6 70 7 93 8 31 9 64 10 70 11 27 12 64 13 2 14 19 15 86 16 1 17 31 18 72 19 26 20 62 
1 17 2 26 3 68 4 10 5 63 6 36 7 53 8 4 9 29 10 13 11 66 12 91 13 24 14 65 15 92 16 19 17 40 18 83 19 77 20 7 
1 83 2 10 3 41 4 64 5 12 6 84 7 8 8 50 9 41 10 42 11 90 12 94 13 29 14 98 15 15 16 47 17 39 18 4 19 86 20 34 
1 74 2 50 3 36 4 43 5 87 6 84 7 69 8 5 9 31 10 86 11 7 12 49 13 10 14 59 15 18 16 37 17 58 18 90 19 31 20 99 
1 62 2 19 3 81 4 7 5 14 6 96 7 99 8 49 9 65 10 97 11 59 12 74 13 6 14 30 15 32 16 68 17 67 18 28 19 54 20 20 
1 72 2 94 3 28 4 77 5 18 6 14 7 35 8 93 9 9 10 91 11 39 12 83 13 57 14 56 15 77 16 69 17 50 18 88 19 12 20 39 
1 65 2 60 3 64 4 21 5 95 6 50 7 61 8 97 9 6 10 75 11 22 12 33 13 37 14 25 15 40 16 88 17 99 18 78 19 63 20 47 
1 70 2 2 3 53 4 62 5 68 6 6 7 83 8 68 9 43 10 23 11 19 12 29 13 65 14 11 15 85 16 86 17 37 18 68 19 2 20 70 
1 8 2 27 3 62 4 75 5 16 6 57 7 52 8 74 9 40 10 27 11 64 12 52 13 86 14 6 15 53 16 91 17 49 18 99 19 13 20 54 
1 91 2 27 3 38 4 1 5 90 6 45 7 41 8 78 9 78 10 82 11 57 12 99 13 20 14 46 15 54 16 84 17 10 18 96 19 11 20 56 
1 56 2 97 3 71 4 42 5 8 6 90 7 19 8 99 9 38 10 89 11 41 12 75 13 85 14 86 15 87 16 20 17 19 18 62 19 20 20 16 
1 92 2 18 3 34 4 96 5 97 6 9 7 93 8 61 9 70 10 71 11 43 12 98 13 90 14 71 15 62 16 81 17 37 18 25 19 88 20 22 
1 33 2 3 3 26 4 39 5 81 6 7 7 16 8 97 9 7 10 19 11 99 12 21 13 84 14 27 15 4 16 46 17 92 18 36 19 25 20 24 
1 21 2 20 3 48 4 2 5 56 6 41 7 1 8 72 9 38 10 49 11 75 12 22 13 25 14 41 15 50 16 44 17 9 18 19 19 72 20 35 
1 66 2 90 3 95 4 67 5 80 6 90 7 27 8 93 9 73 10 52 11 60 12 56 13 72 14 38 15 40 16 99 17 66 18 41 19 39 20 27 
1 11 2 1 3 74 4 61 5 14 6 7 7 54 8 77 9 73 10 8 11 23 12 20 13 8 14 49 15 40 16 42 17 84 18 80 19 26 20 73 
1 48 2 46 3 78 4 30 5 10 6 88 7 57 8 20 9 8 10 30 11 24 12 36 13 78 14 33 15 31 16 28 17 5 18 50 19 45 20 53 
1 22 2 93 3 77 4 96 5 29 6 10 7 11 8 14 9 84 10 50 11 48 12 83 13 40 14 54 15 85 16 84 17 31 18 61 19 58 20 45 
1 48 2 26 3 83 4 48 5 68 6 53 7 22 8 82 9 31 10 15 11 11 12 22 13 31 14 56 15 30 16 14 17 92 18 65 19 14 20 26 
1 78 2 89 3 74 4 68 5 64 6 95 7 77 8 54 9 25 10 73 11 69 12 69 13 97 14 38 15 79 16 19 17 73 18 52 19 3 20 6 
1 52 2 97 3 70 4 75 5 83 6 37 7 76 8 95 9 76 10 39 11 53 12 82 13 9 14 88 15 78 16 24 17 90 18 86 19 47 20 90 
1 46 2 40 3 11 4 78 5 70 6 86 7 92 8 72 9 97 10 92 11 46 12 93 13 57 14 2 15 73 16 47 17 41 18 3 19 14 20 12 
1 96 2 59 3 65 4 77 5 37 6 9 7 29 8 24 9 46 10 3 11 22 12 90 13 44 14 96 15 4 16 22 17 50 18 28 19 85 20 54 
1 47 2 77 3 1 4 83 5 24 6 45 7 80 8 64 9 1 10 58 11 46 12 19 13 53 14 79 15 35 16 58 17 91 18 39 19 42 20 25 
1 94 2 20 3 1 4 30 5 81 6 92 7 97 8 60 9 3 10 86 11 54 12 93 13 99 14 88 15 41 16 24 17 54 18 13 19 45 20 84 
1 26 2 46 3 7 4 6 5 85 6 35 7 45 8 47 9 67 10 7 11 43 12 68 13 51 14 1 15 91 16 26 17 6 18 87 19 7 20 27 
1 58 2 76 3 73 4 62 5 64 6 55 7 32 8 5 9 34 10 63 11 5 12 4 13 20 14 11 15 40 16 99 17 19 18 71 19 90 20 42 
1 32 2 11 3 51 4 62 5 37 6 80 7 16 8 7 9 61 10 69 11 36 12 61 13 88 14 88 15 29 16 75 17 9 18 17 19 66 20 80 
1 16 2 14 3 93 4 89 5 75 6 95 7 41 8 66 9 30 10 80 11 14 12 75 13 2 14 12 15 78 16 18 17 64 18 54 19 5 20 64 
1 63 2 53 3 78 4 75 5 5 6 6 7 78 8 65 9 64 10 44 11 59 12 71 13 71 14 76 15 46 16 61 17 17 18 59 19 80 20 49 
1 59 2 39 3 16 4 26 5 15 6 12 7 19 8 88 9 48 10 70 11 26 12 7 13 13 14 70 15 43 16 28 17 79 18 9 19 67 20 74 
1 82 2 80 3 29 4 71 5 8 6 95 7 31 8 92 9 87 10 32 11 33 12 46 13 83 14 73 15 14 16 38 17 15 18 36 19 7 20 71 
1 96 2 49 3 75 4 63 5 83 6 67 7 85 8 7 9 52 10 30 11 10 12 28 13 4 14 76 15 57 16 36 17 90 18 64 19 32 20 54 
1 73 2 46 3 24 4 54 5 9 6 34 7 65 8 14 9 14 10 66 11 41 12 26 13 72 14 33 15 27 16 47 17 93 18 71 19 74 20 98 
1 51 2 5 3 25 4 27 5 66 6 29 7 51 8 50 9 5 10 73 11 18 12 93 13 23 14 41 15 79 16 81 17 75 18 40 19 67 20 64 
1 64 2 62 3 70 4 78 5 10 6 77 7 89 8 45 9 7 10 87 11 35 12 10 13 27 14 62 15 84 16 47 17 13 18 29 19 77 20 37 
1 86 2 39 3 44 4 12 5 31 6 55 7 66 8 33 9 21 10 81 11 9 12 15 13 52 14 36 15 58 16 19 17 78 18 60 19 5 20 15 
1 21 2 97 3 27 4 31 5 91 6 60 7 53 8 29 9 72 10 75 11 91 12 30 13 6 14 68 15 92 16 79 17 61 18 18 19 30 20 71 
1 87 2 87 3 50 4 25 5 40 6 22 7 7 8 70 9 58 10 56 11 57 12 6 13 69 14 71 15 31 16 56 17 9 18 36 19 53 20 90 
1 33 2 46 3 40 4 87 5 12 6 78 7 15 8 57 9 14 10 40 11 35 12 11 13 49 14 49 15 86 16 5 17 32 18 69 19 46 20 78 
1 59 2 75 3 75 4 49 5 43 6 88 7 19 8 20 9 62 10 87 11 93 12 96 13 28 14 60 15 65 16 28 17 1 18 58 19 43 20 42 
1 71 2 70 3 28 4 47 5 98 6 6 7 78 8 32 9 29 10 91 11 27 12 91 13 45 14 94 15 14 16 10 17 3 18 53 19 23 20 75 
1 95 2 39 3 27 4 94 5 87 6 79 7 4 8 37 9 4 10 4 11 10 12 88 13 39 14 64 15 71 16 22 17 89 18 21 19 86 20 45 
1 75 2 88 3 38 4 39 5 86 6 2 7 90 8 70 9 11 10 26 11 21 12 99 13 16 14 18 15 88 16 89 17 73 18 81 19 5 20 11 
1 63 2 93 3 82 4 77 5 85 6 22 7 79 8 32 9 74 10 66 11 21 12 63 13 54 14 31 15 21 16 85 17 94 18 94 19 7 20 5 
1 73 2 44 3 61 4 36 5 2 6 85 7 7 8 82 9 73 10 3 11 29 12 56 13 27 14 39 15 78 16 71 17 27 18 67 19 60 20 55 
1 16 2 88 3 18 4 23 5 69 6 44 7 47 8 1 9 89 10 28 11 65 12 21 13 30 14 63 15 31 16 25 17 96 18 29 19 1 20 1 
1 49 2 93 3 60 4 22 5 13 6 24 7 70 8 28 9 60 10 10 11 31 12 6 13 48 14 89 15 78 16 83 17 7 18 70 19 34 20 6 
1 7 2 35 3 78 4 80 5 93 6 20 7 50 8 17 9 69 10 72 11 48 12 66 13 48 14 99 15 71 16 12 17 74 18 2 19 72 20 81 
1 69 2 26 3 60 4 71 5 34 6 41 7 71 8 48 9 63 10 62 11 76 12 59 13 37 14 53 15 82 16 76 17 32 18 28 19 2 20 57 
1 70 2 81 3 95 4 88 5 98 6 21 7 23 8 59 9 31 10 20 11 30 12 99 13 9 14 19 15 28 16 36 17 64 18 10 19 96 20 87 
1 84 2 6 3 98 4 90 5 85 6 19 7 44 8 78 9 3 10 85 11 84 12 9 13 6 14 39 15 42 16 99 17 49 18 79 19 40 20 40 
1 9 2 97 3 71 4 30 5 61 6 63 7 69 8 91 9 24 10 46 11 74 12 96 13 55 14 37 15 26 16 75 17 68 18 51 19 12 20 44 
1 43 2 72 3 39 4 4 5 99 6 45 7 79 8 65 9 13 10 55 11 34 12 79 13 95 14 15 15 77 16 46 17 54 18 59 19 47 20 22 
1 1 2 56 3 46 4 29 5 38 6 48 7 3 8 44 9 54 10 47 11 78 12 13 13 49 14 94 15 75 16 17 17 20 18 95 19 68 20 70 
1 84 2 70 3 81 4 71 5 17 6 65 7 78 8 35 9 29 10 74 11 4 12 18 13 54 14 79 15 40 16 80 17 86 18 92 19 43 20 96 
1 90 2 91 3 44 4 39 5 56 6 68 7 96 8 66 9 24 10 57 11 40 12 74 13 34 14 48 15 73 16 23 17 47 18 7 19 40 20 73 
1 14 2 20 3 28 4 49 5 13 6 19 7 33 8 40 9 9 10 51 11 47 12 18 13 16 14 21 15 55 16 20 17 32 18 26 19 36 20 27 
1 91 2 26 3 38 4 96 5 98 6 2 7 33 8 82 9 1 10 26 11 69 12 99 13 4 14 37 15 20 16 61 17 31 18 79 19 49 20 8 
1 76 2 31 3 10 4 6 5 77 6 15 7 69 8 88 9 62 10 73 11 2 12 50 13 54 14 47 15 17 16 23 17 86 18 71 19 7 20 16 
1 70 2 45 3 77 4 75 5 72 6 9 7 55 8 41 9 3 10 80 11 7 12 85 13 74 14 83 15 91 16 46 17 26 18 77 19 71 20 6 
1 50 2 21 3 56 4 36 5 67 6 22 7 34 8 60 9 66 10 4 11 55 12 47 13 16 14 3 15 86 16 11 17 67 18 95 19 89 20 81 
1 39 2 24 3 22 4 87 5 2 6 78 7 50 8 40 9 35 10 89 11 10 12 72 13 10 14 56 15 1 16 19 17 27 18 86 19 67 20 51 
1 62 2 36 3 90 4 29 5 43 6 45 7 64 8 28 9 39 10 9 11 19 12 83 13 22 14 6 15 61 16 77 17 88 18 54 19 97 20 1 
1 3 2 50 3 33 4 17 5 70 6 35 7 80 8 88 9 70 10 40 11 70 12 59 13 1 14 18 15 28 16 32 17 60 18 53 19 14 20 65 
1 22 2 4 3 97 4 55 5 59 6 15 7 82 8 6 9 10 10 55 11 67 12 55 13 27 14 40 15 50 16 20 17 2 18 44 19 43 20 25 
1 84 2 11 3 35 4 33 5 5 6 89 7 6 8 90 9 24 10 30 11 37 12 87 13 4 14 85 15 91 16 76 17 88 18 72 19 54 20 58 
1 43 2 89 3 18 4 1 5 46 6 2 7 84 8 4 9 45 10 95 11 47 12 4 13 46 14 71 15 73 16 52 17 31 18 46 19 47 20 67 
1 28 2 21 3 89 4 8 5 34 6 7 7 48 8 75 9 4 10 86 11 46 12 4 13 91 14 77 15 91 16 3 17 70 18 60 19 97 20 11 
1 76 2 34 3 1 4 98 5 54 6 72 7 70 8 93 9 40 10 81 11 91 12 7 13 7 14 25 15 25 16 95 17 80 18 51 19 75 20 40 
1 27 2 75 3 43 4 88 5 78 6 33 7 2 8 14 9 2 10 76 11 95 12 9 13 70 14 29 15 92 16 14 17 59 18 53 19 36 20 73 
1 22 2 71 3 45 4 59 5 82 6 85 7 59 8 5 9 12 10 94 11 83 12 9 13 15 14 85 15 46 16 30 17 75 18 98 19 80 20 94 
1 11 2 69 3 28 4 24 5 6 6 97 7 17 8 90 9 30 10 5 11 20 12 6 13 28 14 37 15 48 16 21 17 33 18 23 19 8 20 65 
1 55 2 70 3 83 4 96 5 5 6 90 7 77 8 44 9 72 10 99 11 36 12 72 13 94 14 6 15 46 16 41 17 72 18 1 19 90 20 7 
1 24 2 11 3 74 4 46 5 19 6 48 7 2 8 76 9 76 10 42 11 71 12 75 13 30 14 27 15 89 16 51 17 13 18 53 19 73 20 3 
Reldue
-1 3355 -1 10
-1 2933 -1 5
-1 5365 -1 7
-1 4555 -1 1
-1 2909 -1 8
-1 2972 -1 2
-1 5856 -1 2
-1 4678 -1 3
-1 4948 -1 9
-1 5202 -1 10
-1 2728 -1 9
-1 4795 -1 2
-1 4267 -1 4
-1 4918 -1 6
-1 4732 -1 3
-1 4509 -1 9
-1 5206 -1 10
-1 5204 -1 4
-1 3934 -1 4
-1 5238 -1 1
-1 3289 -1 1
-1 3812 -1 7
-1 5487 -1 3
-1 4082 -1 5
-1 3375 -1 4
-1 4072 -1 9
-1 4183 -1 3
-1 3356 -1 6
-1 5917 -1 9
-1 5020 -1 8
-1 3118 -1 1
-1 4599 -1 7
-1 5399 -1 1
-1 2781 -1 6
-1 5689 -1 9
-1 5822 -1 5
-1 5773 -1 2
-1 5568 -1 2
-1 5889 -1 3
-1 5205 -1 4
-1 4426 -1 5
-1 3718 -1 7
-1 5595 -1 8
-1 4527 -1 7
-1 5511 -1 10
-1 4670 -1 3
-1 4231 -1 8
-1 4343 -1 2
-1 4613 -1 4
-1 3650 -1 2
-1 4150 -1 7
-1 5835 -1 3
-1 5651 -1 8
-1 3867 -1 7
-1 5907 -1 10
-1 4439 -1 1
-1 4743 -1 5
-1 2701 -1 3
-1 2933 -1 8
-1 4870 -1 3
-1 4069 -1 7
-1 3726 -1 4
-1 4585 -1 2
-1 4075 -1 10
-1 3747 -1 9
-1 3346 -1 6
-1 5844 -1 6
-1 3990 -1 4
-1 3439 -1 6
-1 5616 -1 2
-1 4787 -1 3
-1 4733 -1 8
-1 2699 -1 2
-1 3332 -1 4
-1 3006 -1 1
-1 5129 -1 7
-1 4315 -1 4
-1 4933 -1 2
-1 5024 -1 9
-1 4924 -1 10
-1 5794 -1 8
-1 5019 -1 9
-1 4717 -1 5
-1 3646 -1 8
-1 5528 -1 10
-1 4825 -1 3
-1 5892 -1 3
-1 3281 -1 1
-1 3006 -1 5
-1 5928 -1 5
-1 4041 -1 6
-1 4695 -1 2
-1 4966 -1 4
-1 5672 -1 1
-1 3700 -1 9
-1 3234 -1 1
-1 5409 -1 9
-1 2839 -1 9
-1 5750 -1 6
-1 3321 -1 6
LB 5391
