100 20
1 93 2 55 3 57 4 23 5 66 6 23 7 53 8 60 9 41 10 92 11 34 12 94 13 93 14 1 15 61 16 60 17 89 18 75 19 57 20 94 
1 63 2 13 3 19 4 87 5 57 6 2 7 57 8 12 9 38 10 20 11 10 12 81 13 57 14 50 15 64 16 14 17 60 18 59 19 34 20 78 
1 94 2 55 3 64 4 23 5 51 6 41 7 5 8 53 9 59 10 1 11 75 12 57 13 17 14 5 15 6 16 25 17 20 18 31 19 41 20 5 
1 73 2 65 3 2 4 35 5 92 6 78 7 72 8 16 9 47 10 67 11 30 12 51 13 99 14 62 15 20 16 42 17 43 18 51 19 20 20 49 
1 82 2 97 3 35 4 17 5 43 6 57 7 15 8 76 9 30 10 72 11 92 12 33 13 83 14 37 15 92 16 65 17 2 18 88 19 34 20 87 
1 83 2 86 3 97 4 17 5 58 6 86 7 84 8 88 9 95 10 77 11 80 12 12 13 23 14 42 15 67 16 77 17 86 18 49 19 49 20 86 
1 19 2 11 3 23 4 30 5 63 6 2 7 71 8 98 9 89 10 25 11 41 12 82 13 8 14 43 15 1 16 46 17 34 18 59 19 36 20 87 
1 99 2 17 3 88 4 62 5 37 6 99 7 41 8 44 9 57 10 19 11 85 12 75 13 44 14 9 15 34 16 87 17 44 18 20 19 86 20 50 
1 90 2 3 3 50 4 8 5 50 6 59 7 43 8 74 9 68 10 69 11 83 12 11 13 68 14 98 15 30 16 59 17 35 18 11 19 15 20 12 
1 71 2 52 3 80 4 30 5 98 6 94 7 99 8 53 9 26 10 71 11 80 12 48 13 56 14 29 15 86 16 34 17 36 18 87 19 11 20 14 
1 22 2 3 3 27 4 26 5 64 6 86 7 31 8 93 9 83 10 74 11 41 12 94 13 51 14 41 15 50 16 65 17 56 18 77 19 75 20 47 
1 10 2 3 3 42 4 51 5 60 6 24 7 37 8 19 9 80 10 8 11 36 12 74 13 17 14 49 15 42 16 21 17 17 18 68 19 4 20 28 
1 7 2 85 3 46 4 95 5 9 6 74 7 79 8 81 9 78 10 10 11 15 12 69 13 85 14 76 15 81 16 92 17 60 18 27 19 41 20 23 
1 6 2 27 3 24 4 4 5 95 6 30 7 7 8 47 9 6 10 55 11 23 12 72 13 13 14 50 15 57 16 71 17 56 18 70 19 4 20 64 
1 55 2 97 3 93 4 36 5 51 6 17 7 13 8 91 9 71 10 79 11 24 12 25 13 26 14 52 15 3 16 29 17 50 18 64 19 18 20 71 
1 41 2 86 3 84 4 92 5 36 6 8 7 52 8 15 9 30 10 82 11 44 12 17 13 2 14 16 15 80 16 49 17 74 18 62 19 39 20 79 
1 71 2 38 3 27 4 9 5 31 6 95 7 12 8 8 9 36 10 85 11 83 12 44 13 8 14 13 15 33 16 9 17 86 18 46 19 79 20 43 
1 53 2 15 3 97 4 59 5 20 6 89 7 17 8 35 9 61 10 13 11 69 12 62 13 95 14 55 15 87 16 10 17 76 18 21 19 11 20 80 
1 52 2 21 3 46 4 36 5 55 6 7 7 63 8 76 9 26 10 8 11 59 12 31 13 36 14 54 15 6 16 77 17 99 18 44 19 69 20 10 
1 45 2 13 3 67 4 83 5 51 6 87 7 53 8 85 9 82 10 50 11 2 12 75 13 27 14 98 15 22 16 49 17 45 18 13 19 69 20 70 
1 85 2 72 3 37 4 29 5 93 6 14 7 10 8 69 9 50 10 43 11 64 12 13 13 45 14 93 15 84 16 90 17 46 18 44 19 35 20 73 
1 40 2 32 3 92 4 36 5 30 6 78 7 80 8 24 9 10 10 78 11 84 12 66 13 32 14 52 15 87 16 24 17 65 18 25 19 13 20 70 
1 46 2 93 3 30 4 72 5 76 6 81 7 10 8 70 9 82 10 29 11 30 12 77 13 81 14 20 15 54 16 16 17 71 18 72 19 84 20 42 
1 75 2 15 3 58 4 90 5 37 6 64 7 40 8 29 9 82 10 84 11 30 12 6 13 41 14 97 15 24 16 46 17 44 18 76 19 2 20 97 
1 16 2 30 3 45 4 85 5 96 6 77 7 35 8 90 9 9 10 91 11 93 12 84 13 95 14 24 15 19 16 37 17 76 18 4 19 63 20 29 
1 2 2 47 3 94 4 82 5 74 6 13 7 52 8 75 9 76 10 76 11 30 12 29 13 21 14 88 15 94 16 33 17 34 18 83 19 76 20 43 
1 23 2 27 3 83 4 91 5 96 6 68 7 21 8 58 9 44 10 62 11 16 12 62 13 42 14 93 15 28 16 7 17 89 18 69 19 39 20 75 
1 12 2 23 3 69 4 47 5 29 6 5 7 64 8 20 9 39 10 85 11 58 12 22 13 71 14 64 15 68 16 11 17 53 18 71 19 4 20 80 
1 53 2 48 3 96 4 81 5 12 6 27 7 57 8 93 9 35 10 77 11 28 12 16 13 14 14 7 15 60 16 74 17 13 18 8 19 16 20 42 
1 68 2 80 3 49 4 13 5 1 6 97 7 39 8 67 9 84 10 96 11 59 12 47 13 13 14 53 15 99 16 52 17 46 18 99 19 31 20 58 
1 59 2 34 3 86 4 98 5 87 6 30 7 71 8 18 9 14 10 37 11 2 12 19 13 13 14 51 15 56 16 34 17 7 18 46 19 43 20 49 
1 11 2 75 3 13 4 65 5 22 6 89 7 37 8 28 9 60 10 49 11 71 12 88 13 34 14 18 15 66 16 24 17 43 18 19 19 38 20 13 
1 91 2 10 3 11 4 23 5 57 6 70 7 34 8 36 9 55 10 68 11 60 12 64 13 65 14 73 15 52 16 87 17 38 18 88 19 15 20 67 
1 49 2 96 3 51 4 3 5 5 6 6 7 72 8 47 9 95 10 37 11 33 12 47 13 72 14 83 15 17 16 33 17 22 18 20 19 72 20 64 
1 27 2 94 3 10 4 24 5 85 6 14 7 24 8 89 9 39 10 2 11 47 12 10 13 7 14 48 15 9 16 51 17 44 18 34 19 24 20 59 
1 21 2 87 3 36 4 3 5 57 6 8 7 18 8 17 9 37 10 56 11 42 12 69 13 39 14 47 15 83 16 71 17 45 18 21 19 36 20 49 
1 65 2 75 3 12 4 24 5 46 6 60 7 11 8 92 9 22 10 60 11 28 12 54 13 83 14 7 15 32 16 93 17 20 18 36 19 90 20 72 
1 19 2 49 3 63 4 9 5 94 6 30 7 47 8 50 9 81 10 57 11 22 12 15 13 3 14 64 15 35 16 16 17 13 18 93 19 69 20 61 
1 87 2 14 3 21 4 47 5 85 6 55 7 57 8 61 9 65 10 9 11 4 12 15 13 2 14 90 15 54 16 55 17 88 18 38 19 90 20 66 
1 24 2 84 3 74 4 67 5 57 6 91 7 19 8 59 9 68 10 25 11 51 12 4 13 80 14 81 15 52 16 42 17 85 18 5 19 26 20 34 
1 86 2 72 3 8 4 52 5 3 6 68 7 20 8 9 9 36 10 63 11 85 12 83 13 9 14 60 15 15 16 1 17 52 18 18 19 10 20 43 
1 14 2 28 3 5 4 82 5 75 6 38 7 14 8 9 9 87 10 30 11 24 12 88 13 83 14 98 15 48 16 39 17 46 18 43 19 87 20 49 
1 29 2 19 3 98 4 6 5 82 6 28 7 64 8 71 9 44 10 60 11 9 12 87 13 81 14 62 15 42 16 15 17 32 18 75 19 67 20 10 
1 39 2 26 3 98 4 97 5 96 6 23 7 91 8 64 9 80 10 17 11 26 12 16 13 23 14 57 15 9 16 34 17 59 18 39 19 53 20 93 
1 32 2 17 3 95 4 26 5 30 6 48 7 35 8 70 9 86 10 47 11 50 12 33 13 23 14 78 15 26 16 50 17 22 18 22 19 7 20 67 
1 19 2 27 3 69 4 92 5 13 6 70 7 75 8 40 9 55 10 36 11 55 12 18 13 78 14 88 15 51 16 14 17 26 18 28 19 39 20 61 
1 96 2 43 3 77 4 31 5 45 6 18 7 18 8 68 9 34 10 39 11 94 12 25 13 36 14 98 15 96 16 86 17 51 18 94 19 82 20 19 
1 40 2 4 3 67 4 42 5 16 6 6 7 36 8 72 9 92 10 48 11 17 12 67 13 70 14 16 15 56 16 7 17 4 18 65 19 61 20 41 
1 9 2 63 3 52 4 74 5 71 6 65 7 85 8 67 9 72 10 35 11 56 12 94 13 32 14 71 15 48 16 43 17 68 18 45 19 54 20 42 
1 15 2 74 3 45 4 15 5 1 6 13 7 88 8 50 9 77 10 72 11 31 12 2 13 45 14 95 15 30 16 53 17 35 18 76 19 36 20 30 
1 98 2 50 3 12 4 34 5 6 6 25 7 44 8 58 9 64 10 68 11 44 12 96 13 20 14 14 15 8 16 53 17 78 18 86 19 77 20 72 
1 98 2 98 3 91 4 92 5 83 6 72 7 1 8 97 9 72 10 74 11 58 12 79 13 92 14 32 15 55 16 51 17 76 18 73 19 11 20 65 
1 84 2 92 3 62 4 32 5 79 6 91 7 91 8 65 9 56 10 18 11 95 12 64 13 77 14 76 15 45 16 53 17 87 18 62 19 25 20 76 
1 37 2 36 3 37 4 66 5 68 6 2 7 60 8 87 9 97 10 48 11 89 12 17 13 73 14 11 15 19 16 44 17 98 18 60 19 48 20 22 
1 53 2 38 3 98 4 65 5 44 6 35 7 13 8 32 9 61 10 15 11 31 12 56 13 77 14 14 15 76 16 35 17 3 18 43 19 25 20 16 
1 16 2 27 3 34 4 24 5 13 6 94 7 8 8 19 9 52 10 40 11 44 12 15 13 25 14 42 15 66 16 81 17 99 18 41 19 63 20 72 
1 13 2 12 3 79 4 91 5 40 6 66 7 27 8 7 9 11 10 77 11 56 12 64 13 24 14 27 15 61 16 65 17 52 18 44 19 80 20 53 
1 52 2 44 3 14 4 22 5 17 6 41 7 94 8 79 9 83 10 32 11 55 12 30 13 91 14 79 15 77 16 38 17 63 18 99 19 1 20 62 
1 91 2 53 3 17 4 37 5 15 6 17 7 13 8 92 9 47 10 39 11 6 12 76 13 46 14 69 15 14 16 97 17 34 18 94 19 49 20 74 
1 25 2 66 3 57 4 14 5 23 6 60 7 67 8 57 9 21 10 65 11 88 12 22 13 95 14 9 15 92 16 38 17 34 18 69 19 13 20 35 
1 91 2 72 3 68 4 38 5 83 6 2 7 77 8 38 9 92 10 24 11 45 12 23 13 25 14 44 15 52 16 56 17 61 18 94 19 97 20 47 
1 99 2 30 3 48 4 66 5 18 6 25 7 59 8 19 9 88 10 99 11 18 12 91 13 17 14 86 15 24 16 89 17 61 18 28 19 1 20 30 
1 13 2 64 3 42 4 62 5 55 6 45 7 10 8 83 9 50 10 68 11 61 12 63 13 73 14 4 15 42 16 69 17 82 18 98 19 64 20 74 
1 64 2 67 3 52 4 72 5 37 6 36 7 76 8 65 9 38 10 71 11 72 12 42 13 63 14 47 15 88 16 63 17 42 18 17 19 90 20 1 
1 70 2 65 3 56 4 55 5 99 6 85 7 56 8 81 9 83 10 98 11 42 12 99 13 29 14 92 15 8 16 68 17 26 18 66 19 8 20 15 
1 52 2 12 3 30 4 90 5 81 6 48 7 1 8 32 9 86 10 50 11 79 12 47 13 52 14 87 15 73 16 75 17 56 18 87 19 41 20 35 
1 82 2 24 3 74 4 3 5 44 6 52 7 84 8 63 9 79 10 41 11 5 12 5 13 78 14 14 15 18 16 19 17 16 18 84 19 31 20 5 
1 30 2 97 3 2 4 97 5 10 6 82 7 60 8 81 9 81 10 41 11 31 12 43 13 52 14 44 15 61 16 2 17 45 18 64 19 46 20 87 
1 33 2 19 3 88 4 13 5 55 6 12 7 13 8 70 9 6 10 9 11 16 12 17 13 36 14 22 15 37 16 32 17 72 18 96 19 97 20 25 
1 38 2 49 3 29 4 64 5 56 6 90 7 76 8 66 9 90 10 76 11 51 12 25 13 96 14 85 15 51 16 73 17 34 18 76 19 38 20 63 
1 4 2 28 3 33 4 31 5 47 6 2 7 39 8 97 9 46 10 61 11 66 12 43 13 27 14 54 15 30 16 12 17 65 18 89 19 64 20 92 
1 23 2 13 3 92 4 39 5 51 6 55 7 33 8 69 9 50 10 37 11 48 12 44 13 65 14 89 15 13 16 7 17 72 18 49 19 20 20 61 
1 87 2 18 3 81 4 91 5 88 6 71 7 77 8 39 9 71 10 88 11 65 12 47 13 93 14 23 15 38 16 81 17 43 18 11 19 78 20 90 
1 16 2 63 3 50 4 90 5 84 6 24 7 43 8 28 9 26 10 53 11 19 12 93 13 87 14 13 15 43 16 23 17 36 18 41 19 79 20 14 
1 11 2 96 3 33 4 86 5 64 6 73 7 85 8 8 9 27 10 85 11 60 12 43 13 25 14 62 15 37 16 12 17 70 18 37 19 69 20 80 
1 37 2 76 3 10 4 90 5 6 6 41 7 5 8 16 9 29 10 58 11 83 12 92 13 61 14 8 15 12 16 93 17 70 18 61 19 35 20 45 
1 54 2 20 3 35 4 23 5 75 6 88 7 51 8 41 9 85 10 51 11 11 12 10 13 91 14 50 15 54 16 87 17 65 18 51 19 41 20 42 
1 94 2 30 3 57 4 18 5 74 6 92 7 99 8 49 9 98 10 66 11 20 12 65 13 22 14 20 15 47 16 21 17 94 18 7 19 1 20 82 
1 2 2 32 3 54 4 94 5 7 6 75 7 28 8 78 9 69 10 23 11 81 12 61 13 92 14 36 15 89 16 48 17 10 18 67 19 75 20 52 
1 91 2 28 3 96 4 59 5 74 6 64 7 11 8 30 9 46 10 7 11 87 12 29 13 46 14 24 15 64 16 14 17 1 18 24 19 89 20 27 
1 2 2 23 3 98 4 86 5 53 6 24 7 22 8 34 9 96 10 44 11 89 12 12 13 55 14 55 15 17 16 26 17 6 18 56 19 98 20 30 
1 85 2 80 3 41 4 44 5 64 6 16 7 14 8 47 9 41 10 44 11 30 12 68 13 38 14 59 15 99 16 6 17 13 18 27 19 50 20 89 
1 70 2 59 3 3 4 47 5 39 6 3 7 28 8 60 9 77 10 82 11 95 12 3 13 45 14 31 15 55 16 55 17 9 18 30 19 77 20 20 
1 18 2 70 3 57 4 87 5 21 6 9 7 54 8 84 9 45 10 30 11 73 12 95 13 71 14 32 15 4 16 85 17 88 18 27 19 80 20 99 
1 57 2 81 3 18 4 7 5 59 6 24 7 20 8 72 9 6 10 7 11 69 12 24 13 23 14 28 15 13 16 6 17 68 18 70 19 9 20 83 
1 6 2 17 3 72 4 98 5 41 6 34 7 66 8 13 9 93 10 30 11 96 12 60 13 1 14 23 15 45 16 92 17 69 18 57 19 29 20 74 
1 58 2 42 3 74 4 59 5 6 6 94 7 66 8 58 9 59 10 59 11 5 12 46 13 50 14 45 15 34 16 89 17 47 18 58 19 84 20 62 
1 25 2 68 3 32 4 55 5 63 6 54 7 19 8 1 9 44 10 11 11 60 12 6 13 33 14 42 15 85 16 36 17 53 18 40 19 53 20 86 
1 15 2 50 3 64 4 88 5 15 6 78 7 37 8 59 9 67 10 25 11 38 12 26 13 56 14 10 15 34 16 25 17 86 18 83 19 51 20 63 
1 5 2 23 3 98 4 89 5 67 6 94 7 1 8 96 9 72 10 16 11 41 12 11 13 36 14 62 15 68 16 41 17 65 18 94 19 58 20 37 
1 33 2 6 3 37 4 66 5 3 6 63 7 81 8 54 9 17 10 35 11 88 12 95 13 59 14 29 15 56 16 73 17 75 18 63 19 71 20 82 
1 91 2 62 3 4 4 37 5 43 6 68 7 30 8 30 9 87 10 18 11 66 12 94 13 55 14 41 15 49 16 90 17 55 18 59 19 45 20 42 
1 23 2 38 3 37 4 65 5 93 6 85 7 29 8 93 9 10 10 16 11 25 12 69 13 31 14 26 15 39 16 97 17 51 18 57 19 62 20 74 
1 75 2 22 3 10 4 26 5 36 6 58 7 51 8 47 9 71 10 44 11 97 12 49 13 40 14 49 15 32 16 31 17 71 18 76 19 56 20 38 
1 94 2 69 3 70 4 21 5 22 6 84 7 34 8 37 9 50 10 87 11 40 12 66 13 21 14 42 15 26 16 80 17 50 18 21 19 5 20 29 
1 65 2 69 3 78 4 26 5 20 6 20 7 13 8 52 9 58 10 53 11 49 12 10 13 92 14 13 15 11 16 73 17 36 18 24 19 77 20 88 
1 49 2 25 3 36 4 53 5 58 6 89 7 58 8 70 9 88 10 61 11 51 12 27 13 59 14 43 15 24 16 56 17 17 18 67 19 87 20 59 
1 20 2 59 3 90 4 58 5 66 6 95 7 83 8 61 9 46 10 7 11 62 12 46 13 14 14 96 15 31 16 56 17 52 18 8 19 28 20 13 
1 99 2 70 3 81 4 60 5 46 6 42 7 93 8 22 9 19 10 38 11 76 12 32 13 56 14 84 15 64 16 89 17 72 18 76 19 40 20 88 
1 7 2 63 3 89 4 69 5 84 6 68 7 30 8 81 9 64 10 62 11 12 12 86 13 49 14 97 15 10 16 81 17 94 18 81 19 61 20 39 
Reldue
-1 4134 -1 7
-1 2956 -1 1
-1 3735 -1 9
-1 3327 -1 8
-1 5282 -1 9
-1 4282 -1 3
-1 3398 -1 10
-1 5218 -1 9
-1 4062 -1 10
-1 3325 -1 5
-1 5533 -1 4
-1 5112 -1 1
-1 3541 -1 10
-1 3380 -1 4
-1 3321 -1 6
-1 3699 -1 2
-1 4248 -1 5
-1 4036 -1 10
-1 4521 -1 4
-1 3603 -1 4
-1 3286 -1 6
-1 5383 -1 2
-1 6060 -1 10
-1 3938 -1 10
-1 6237 -1 5
-1 4579 -1 6
-1 3732 -1 5
-1 5440 -1 1
-1 6194 -1 7
-1 5566 -1 8
-1 4996 -1 7
-1 4154 -1 2
-1 5671 -1 2
-1 4873 -1 3
-1 3143 -1 8
-1 5497 -1 9
-1 5462 -1 6
-1 3177 -1 9
-1 2964 -1 10
-1 3990 -1 5
-1 6113 -1 5
-1 5000 -1 6
-1 4344 -1 5
-1 5645 -1 1
-1 4355 -1 6
-1 4713 -1 5
-1 3291 -1 7
-1 4770 -1 4
-1 4338 -1 10
-1 4189 -1 3
-1 5967 -1 4
-1 6039 -1 7
-1 4202 -1 8
-1 3059 -1 8
-1 4699 -1 7
-1 4694 -1 2
-1 3525 -1 7
-1 5331 -1 2
-1 4443 -1 3
-1 5942 -1 6
-1 4692 -1 6
-1 3050 -1 6
-1 3412 -1 8
-1 5823 -1 10
-1 3457 -1 3
-1 5568 -1 4
-1 5479 -1 2
-1 4056 -1 1
-1 3282 -1 1
-1 2960 -1 2
-1 4693 -1 10
-1 5758 -1 5
-1 3488 -1 4
-1 4020 -1 5
-1 6130 -1 5
-1 6062 -1 6
-1 3499 -1 8
-1 3753 -1 3
-1 5721 -1 5
-1 2866 -1 1
-1 4830 -1 8
-1 3264 -1 6
-1 3413 -1 4
-1 4999 -1 8
-1 4680 -1 3
-1 4797 -1 9
-1 4830 -1 5
-1 3498 -1 8
-1 6074 -1 2
-1 3323 -1 10
-1 4361 -1 10
-1 3755 -1 9
-1 4110 -1 8
-1 3625 -1 5
-1 3489 -1 6
-1 3236 -1 6
-1 3292 -1 4
-1 5070 -1 4
-1 5735 -1 3
-1 5746 -1 6
LB 5727
