100 20
1 5 2 63 3 91 4 16 5 62 6 24 7 45 8 51 9 9 10 29 11 5 12 90 13 32 14 70 15 2 16 40 17 4 18 89 19 56 20 4 
1 85 2 46 3 4 4 2 5 23 6 32 7 49 8 48 9 74 10 17 11 51 12 86 13 37 14 10 15 33 16 11 17 61 18 48 19 2 20 87 
1 92 2 50 3 19 4 93 5 37 6 99 7 31 8 39 9 3 10 6 11 58 12 74 13 23 14 12 15 3 16 44 17 91 18 62 19 85 20 84 
1 75 2 18 3 15 4 84 5 38 6 88 7 51 8 52 9 15 10 72 11 63 12 91 13 16 14 15 15 77 16 40 17 89 18 47 19 54 20 30 
1 14 2 47 3 54 4 63 5 68 6 3 7 45 8 45 9 64 10 46 11 25 12 10 13 68 14 60 15 80 16 33 17 96 18 6 19 57 20 37 
1 84 2 20 3 12 4 38 5 67 6 56 7 18 8 87 9 30 10 25 11 13 12 72 13 84 14 19 15 63 16 28 17 47 18 34 19 56 20 75 
1 68 2 90 3 73 4 1 5 17 6 24 7 81 8 17 9 77 10 26 11 53 12 5 13 87 14 88 15 30 16 65 17 51 18 23 19 65 20 93 
1 1 2 21 3 65 4 47 5 16 6 66 7 3 8 66 9 1 10 4 11 55 12 45 13 18 14 66 15 19 16 15 17 9 18 64 19 75 20 88 
1 65 2 99 3 90 4 26 5 6 6 8 7 24 8 51 9 14 10 97 11 95 12 95 13 70 14 39 15 60 16 12 17 58 18 62 19 62 20 55 
1 94 2 43 3 99 4 83 5 22 6 86 7 54 8 64 9 96 10 85 11 29 12 96 13 95 14 39 15 36 16 89 17 9 18 81 19 55 20 39 
1 23 2 62 3 81 4 69 5 8 6 87 7 71 8 50 9 42 10 63 11 29 12 4 13 43 14 58 15 91 16 18 17 33 18 68 19 51 20 8 
1 83 2 86 3 45 4 47 5 11 6 35 7 9 8 90 9 96 10 78 11 27 12 80 13 94 14 75 15 15 16 12 17 26 18 94 19 23 20 1 
1 64 2 79 3 33 4 31 5 99 6 81 7 86 8 98 9 8 10 55 11 83 12 75 13 72 14 50 15 63 16 18 17 4 18 88 19 66 20 31 
1 99 2 52 3 71 4 58 5 61 6 44 7 58 8 70 9 25 10 45 11 17 12 68 13 89 14 64 15 38 16 43 17 2 18 52 19 53 20 82 
1 22 2 6 3 22 4 44 5 15 6 60 7 67 8 95 9 89 10 52 11 91 12 99 13 97 14 79 15 22 16 6 17 58 18 45 19 71 20 24 
1 41 2 98 3 3 4 3 5 83 6 92 7 14 8 70 9 84 10 60 11 29 12 70 13 3 14 58 15 45 16 93 17 15 18 29 19 17 20 24 
1 44 2 20 3 95 4 79 5 69 6 37 7 27 8 79 9 77 10 59 11 77 12 22 13 84 14 55 15 32 16 2 17 74 18 87 19 67 20 75 
1 32 2 81 3 66 4 11 5 22 6 80 7 59 8 85 9 76 10 75 11 87 12 83 13 87 14 67 15 63 16 36 17 26 18 21 19 91 20 5 
1 2 2 10 3 19 4 54 5 11 6 10 7 12 8 28 9 26 10 2 11 42 12 79 13 12 14 36 15 29 16 81 17 51 18 55 19 38 20 45 
1 58 2 57 3 21 4 13 5 89 6 66 7 76 8 82 9 12 10 94 11 41 12 72 13 31 14 20 15 2 16 71 17 57 18 68 19 4 20 49 
1 45 2 85 3 70 4 42 5 89 6 25 7 27 8 98 9 30 10 85 11 5 12 19 13 49 14 46 15 51 16 14 17 41 18 48 19 56 20 51 
1 50 2 83 3 30 4 52 5 5 6 73 7 42 8 27 9 16 10 37 11 51 12 86 13 36 14 21 15 54 16 33 17 74 18 55 19 93 20 71 
1 32 2 58 3 20 4 58 5 1 6 93 7 23 8 18 9 57 10 74 11 98 12 64 13 19 14 5 15 25 16 79 17 68 18 45 19 14 20 4 
1 72 2 37 3 35 4 50 5 19 6 97 7 36 8 11 9 49 10 3 11 51 12 4 13 19 14 6 15 86 16 14 17 51 18 3 19 71 20 26 
1 51 2 57 3 47 4 37 5 75 6 46 7 70 8 70 9 46 10 14 11 59 12 46 13 20 14 18 15 59 16 99 17 13 18 89 19 18 20 20 
1 47 2 95 3 12 4 97 5 71 6 45 7 73 8 1 9 85 10 31 11 87 12 86 13 87 14 70 15 86 16 98 17 96 18 82 19 9 20 79 
1 22 2 75 3 50 4 54 5 3 6 46 7 93 8 86 9 9 10 75 11 6 12 49 13 99 14 3 15 83 16 34 17 69 18 38 19 89 20 95 
1 5 2 13 3 14 4 67 5 62 6 69 7 29 8 9 9 49 10 42 11 59 12 55 13 10 14 10 15 18 16 68 17 26 18 8 19 10 20 94 
1 48 2 93 3 46 4 62 5 73 6 1 7 98 8 53 9 20 10 51 11 39 12 9 13 32 14 73 15 64 16 29 17 99 18 30 19 22 20 61 
1 96 2 74 3 48 4 47 5 75 6 92 7 49 8 28 9 81 10 79 11 51 12 76 13 75 14 10 15 58 16 49 17 36 18 17 19 61 20 73 
1 49 2 16 3 29 4 26 5 14 6 9 7 66 8 7 9 48 10 98 11 28 12 90 13 76 14 31 15 62 16 30 17 64 18 3 19 32 20 74 
1 90 2 67 3 18 4 22 5 2 6 83 7 27 8 19 9 20 10 33 11 69 12 34 13 46 14 69 15 49 16 79 17 68 18 20 19 79 20 32 
1 63 2 25 3 13 4 99 5 31 6 51 7 43 8 71 9 1 10 30 11 50 12 28 13 5 14 62 15 28 16 18 17 25 18 53 19 14 20 22 
1 81 2 37 3 98 4 6 5 80 6 62 7 70 8 32 9 84 10 12 11 98 12 48 13 23 14 80 15 57 16 74 17 58 18 91 19 37 20 98 
1 31 2 38 3 65 4 30 5 59 6 20 7 6 8 4 9 44 10 9 11 95 12 75 13 56 14 90 15 83 16 65 17 64 18 81 19 53 20 71 
1 84 2 27 3 12 4 66 5 58 6 97 7 20 8 4 9 75 10 32 11 67 12 36 13 54 14 60 15 97 16 82 17 1 18 23 19 7 20 10 
1 44 2 15 3 64 4 24 5 40 6 81 7 49 8 12 9 74 10 49 11 80 12 84 13 13 14 38 15 37 16 64 17 41 18 64 19 82 20 54 
1 60 2 20 3 17 4 12 5 34 6 34 7 46 8 89 9 74 10 39 11 94 12 30 13 77 14 31 15 3 16 78 17 65 18 72 19 10 20 61 
1 56 2 91 3 95 4 27 5 71 6 88 7 43 8 79 9 2 10 33 11 66 12 6 13 51 14 8 15 32 16 72 17 36 18 91 19 53 20 73 
1 57 2 69 3 61 4 56 5 55 6 58 7 29 8 47 9 46 10 48 11 1 12 39 13 92 14 83 15 13 16 51 17 58 18 4 19 54 20 68 
1 9 2 91 3 16 4 96 5 70 6 13 7 25 8 6 9 77 10 35 11 13 12 13 13 43 14 30 15 61 16 83 17 63 18 44 19 17 20 1 
1 5 2 28 3 24 4 55 5 61 6 92 7 61 8 16 9 48 10 73 11 8 12 55 13 33 14 81 15 44 16 55 17 69 18 50 19 34 20 85 
1 14 2 12 3 39 4 97 5 29 6 81 7 84 8 80 9 48 10 86 11 61 12 17 13 91 14 30 15 85 16 20 17 90 18 87 19 32 20 9 
1 76 2 77 3 90 4 89 5 21 6 28 7 58 8 73 9 83 10 29 11 11 12 74 13 21 14 81 15 66 16 40 17 37 18 2 19 89 20 8 
1 83 2 78 3 22 4 6 5 21 6 77 7 91 8 44 9 15 10 27 11 94 12 99 13 59 14 52 15 16 16 76 17 34 18 49 19 24 20 20 
1 7 2 30 3 30 4 64 5 45 6 81 7 72 8 86 9 87 10 63 11 58 12 49 13 61 14 44 15 74 16 92 17 1 18 85 19 7 20 91 
1 66 2 88 3 99 4 76 5 78 6 20 7 21 8 44 9 89 10 88 11 1 12 72 13 95 14 4 15 19 16 72 17 69 18 56 19 96 20 33 
1 98 2 13 3 3 4 77 5 56 6 14 7 77 8 33 9 42 10 52 11 43 12 2 13 83 14 79 15 8 16 66 17 10 18 43 19 64 20 43 
1 39 2 65 3 82 4 11 5 11 6 91 7 38 8 54 9 51 10 66 11 19 12 89 13 18 14 21 15 3 16 9 17 51 18 61 19 15 20 1 
1 54 2 9 3 76 4 56 5 57 6 65 7 25 8 26 9 56 10 40 11 12 12 53 13 7 14 58 15 82 16 32 17 56 18 93 19 78 20 84 
1 23 2 18 3 21 4 13 5 52 6 22 7 15 8 75 9 7 10 89 11 72 12 19 13 49 14 8 15 34 16 95 17 2 18 97 19 59 20 29 
1 37 2 12 3 79 4 11 5 65 6 4 7 15 8 6 9 99 10 40 11 76 12 82 13 74 14 6 15 81 16 7 17 13 18 86 19 2 20 11 
1 89 2 1 3 34 4 66 5 61 6 31 7 90 8 1 9 83 10 98 11 31 12 39 13 79 14 29 15 68 16 11 17 14 18 92 19 71 20 40 
1 14 2 80 3 37 4 64 5 70 6 79 7 5 8 42 9 50 10 64 11 47 12 49 13 50 14 53 15 57 16 76 17 80 18 57 19 34 20 99 
1 36 2 94 3 62 4 9 5 28 6 43 7 6 8 52 9 94 10 83 11 1 12 40 13 50 14 90 15 46 16 41 17 62 18 62 19 48 20 89 
1 12 2 1 3 44 4 10 5 15 6 7 7 58 8 27 9 87 10 71 11 80 12 66 13 77 14 25 15 94 16 77 17 35 18 61 19 52 20 3 
1 97 2 6 3 75 4 27 5 78 6 40 7 50 8 1 9 9 10 2 11 31 12 88 13 22 14 5 15 93 16 31 17 61 18 19 19 55 20 18 
1 76 2 85 3 24 4 84 5 89 6 25 7 85 8 66 9 95 10 27 11 96 12 99 13 3 14 30 15 29 16 22 17 56 18 25 19 4 20 38 
1 27 2 39 3 12 4 6 5 86 6 64 7 84 8 41 9 29 10 90 11 81 12 55 13 21 14 18 15 50 16 72 17 70 18 28 19 38 20 40 
1 87 2 59 3 48 4 30 5 32 6 56 7 18 8 45 9 88 10 83 11 23 12 35 13 53 14 87 15 15 16 47 17 4 18 55 19 49 20 36 
1 58 2 46 3 45 4 82 5 99 6 35 7 54 8 7 9 18 10 79 11 83 12 89 13 27 14 22 15 14 16 25 17 29 18 73 19 50 20 68 
1 81 2 40 3 4 4 14 5 25 6 96 7 12 8 64 9 48 10 15 11 98 12 9 13 60 14 41 15 88 16 21 17 84 18 37 19 1 20 72 
1 28 2 18 3 72 4 29 5 42 6 28 7 28 8 32 9 76 10 97 11 97 12 15 13 60 14 9 15 16 16 64 17 86 18 47 19 91 20 96 
1 70 2 27 3 63 4 84 5 29 6 77 7 16 8 50 9 3 10 66 11 23 12 12 13 38 14 49 15 95 16 69 17 32 18 29 19 9 20 48 
1 24 2 3 3 74 4 13 5 90 6 49 7 39 8 94 9 72 10 54 11 41 12 2 13 61 14 56 15 65 16 13 17 76 18 50 19 9 20 26 
1 99 2 88 3 22 4 20 5 9 6 9 7 55 8 89 9 96 10 64 11 44 12 43 13 34 14 34 15 58 16 7 17 64 18 41 19 43 20 11 
1 5 2 34 3 18 4 58 5 62 6 84 7 97 8 10 9 8 10 69 11 11 12 69 13 68 14 7 15 80 16 44 17 69 18 19 19 23 20 48 
1 52 2 36 3 78 4 20 5 26 6 63 7 20 8 12 9 82 10 54 11 47 12 88 13 58 14 6 15 34 16 48 17 43 18 23 19 48 20 90 
1 10 2 54 3 47 4 67 5 9 6 47 7 95 8 79 9 77 10 98 11 88 12 49 13 30 14 28 15 12 16 34 17 17 18 96 19 13 20 45 
1 44 2 20 3 65 4 20 5 16 6 96 7 41 8 95 9 24 10 60 11 58 12 47 13 59 14 52 15 49 16 48 17 3 18 16 19 75 20 46 
1 63 2 75 3 53 4 46 5 29 6 96 7 39 8 53 9 25 10 5 11 45 12 66 13 79 14 89 15 96 16 27 17 18 18 47 19 75 20 77 
1 24 2 97 3 63 4 89 5 40 6 20 7 32 8 4 9 22 10 65 11 8 12 93 13 45 14 20 15 89 16 62 17 63 18 40 19 51 20 17 
1 15 2 90 3 17 4 21 5 96 6 12 7 75 8 48 9 63 10 54 11 91 12 44 13 92 14 20 15 52 16 26 17 89 18 99 19 67 20 34 
1 73 2 99 3 63 4 44 5 11 6 24 7 39 8 46 9 92 10 74 11 84 12 82 13 91 14 97 15 24 16 70 17 62 18 81 19 24 20 73 
1 11 2 17 3 23 4 83 5 56 6 57 7 6 8 22 9 43 10 9 11 19 12 3 13 46 14 81 15 39 16 13 17 42 18 95 19 71 20 58 
1 69 2 91 3 11 4 45 5 66 6 90 7 47 8 20 9 46 10 52 11 49 12 41 13 78 14 33 15 17 16 40 17 2 18 18 19 74 20 64 
1 12 2 79 3 15 4 73 5 53 6 4 7 50 8 83 9 32 10 83 11 54 12 23 13 74 14 46 15 81 16 46 17 41 18 65 19 32 20 73 
1 35 2 66 3 31 4 7 5 67 6 99 7 66 8 63 9 4 10 77 11 62 12 73 13 72 14 52 15 5 16 98 17 93 18 2 19 66 20 81 
1 34 2 33 3 6 4 67 5 37 6 6 7 53 8 62 9 53 10 52 11 97 12 87 13 73 14 46 15 64 16 68 17 9 18 28 19 62 20 7 
1 35 2 10 3 18 4 87 5 79 6 73 7 66 8 69 9 51 10 76 11 7 12 49 13 45 14 19 15 35 16 64 17 96 18 94 19 79 20 97 
1 63 2 16 3 49 4 5 5 73 6 27 7 19 8 93 9 71 10 50 11 40 12 58 13 16 14 48 15 50 16 63 17 41 18 59 19 86 20 80 
1 17 2 60 3 10 4 99 5 82 6 54 7 38 8 62 9 86 10 30 11 47 12 74 13 81 14 66 15 49 16 73 17 47 18 88 19 11 20 34 
1 56 2 25 3 45 4 70 5 35 6 97 7 95 8 90 9 77 10 61 11 94 12 33 13 10 14 23 15 19 16 38 17 31 18 2 19 51 20 34 
1 55 2 95 3 48 4 6 5 13 6 8 7 64 8 47 9 51 10 73 11 36 12 81 13 63 14 16 15 83 16 31 17 62 18 66 19 31 20 60 
1 21 2 87 3 87 4 41 5 34 6 36 7 86 8 90 9 4 10 12 11 90 12 57 13 40 14 1 15 84 16 12 17 54 18 32 19 16 20 38 
1 49 2 13 3 53 4 11 5 73 6 55 7 90 8 8 9 59 10 8 11 91 12 57 13 65 14 30 15 39 16 3 17 67 18 11 19 46 20 81 
1 30 2 70 3 40 4 98 5 60 6 52 7 24 8 44 9 39 10 14 11 6 12 78 13 21 14 53 15 24 16 59 17 14 18 41 19 45 20 75 
1 88 2 11 3 75 4 20 5 90 6 41 7 33 8 15 9 7 10 51 11 16 12 54 13 68 14 87 15 35 16 29 17 33 18 35 19 54 20 69 
1 16 2 7 3 45 4 84 5 69 6 33 7 18 8 53 9 31 10 18 11 59 12 29 13 73 14 19 15 74 16 96 17 67 18 56 19 69 20 47 
1 42 2 63 3 73 4 3 5 52 6 64 7 62 8 5 9 22 10 94 11 62 12 13 13 47 14 48 15 72 16 57 17 73 18 74 19 88 20 40 
1 19 2 35 3 36 4 66 5 51 6 80 7 67 8 40 9 93 10 79 11 93 12 67 13 61 14 11 15 37 16 98 17 52 18 75 19 43 20 51 
1 42 2 34 3 68 4 17 5 22 6 83 7 85 8 74 9 96 10 16 11 46 12 92 13 31 14 65 15 36 16 89 17 1 18 95 19 7 20 75 
1 51 2 23 3 60 4 83 5 45 6 24 7 47 8 65 9 9 10 53 11 11 12 74 13 79 14 37 15 56 16 41 17 56 18 69 19 92 20 39 
1 2 2 26 3 67 4 53 5 93 6 44 7 17 8 73 9 18 10 71 11 78 12 40 13 24 14 10 15 27 16 30 17 94 18 73 19 57 20 42 
1 88 2 47 3 64 4 42 5 50 6 65 7 32 8 80 9 56 10 22 11 55 12 60 13 43 14 26 15 6 16 48 17 66 18 65 19 99 20 22 
1 70 2 76 3 87 4 18 5 5 6 42 7 23 8 26 9 98 10 71 11 11 12 8 13 29 14 91 15 77 16 95 17 41 18 9 19 47 20 89 
1 25 2 78 3 24 4 19 5 39 6 94 7 26 8 20 9 19 10 82 11 51 12 79 13 28 14 50 15 96 16 64 17 54 18 46 19 26 20 54 
1 11 2 86 3 66 4 72 5 88 6 84 7 87 8 44 9 85 10 33 11 68 12 93 13 38 14 29 15 57 16 54 17 69 18 61 19 61 20 57 
1 45 2 43 3 92 4 28 5 49 6 75 7 21 8 4 9 36 10 95 11 64 12 11 13 56 14 43 15 34 16 46 17 38 18 5 19 91 20 90 
1 77 2 38 3 22 4 95 5 83 6 25 7 73 8 85 9 22 10 70 11 16 12 90 13 20 14 78 15 1 16 77 17 73 18 26 19 35 20 62 
Reldue
-1 4604 -1 5
-1 2756 -1 8
-1 5217 -1 9
-1 4409 -1 10
-1 3128 -1 4
-1 4420 -1 6
-1 3109 -1 8
-1 5534 -1 5
-1 6026 -1 1
-1 5544 -1 4
-1 5435 -1 8
-1 5497 -1 8
-1 5796 -1 5
-1 5366 -1 6
-1 5376 -1 2
-1 2869 -1 7
-1 4623 -1 10
-1 3310 -1 7
-1 5334 -1 8
-1 4599 -1 2
-1 5310 -1 3
-1 5616 -1 1
-1 5734 -1 6
-1 4874 -1 9
-1 4425 -1 10
-1 3667 -1 7
-1 6025 -1 5
-1 3073 -1 3
-1 4709 -1 8
-1 4282 -1 2
-1 5031 -1 2
-1 5514 -1 6
-1 3108 -1 1
-1 6010 -1 5
-1 5693 -1 3
-1 5324 -1 5
-1 2807 -1 4
-1 5032 -1 2
-1 4234 -1 1
-1 5642 -1 3
-1 4201 -1 4
-1 3290 -1 5
-1 4172 -1 7
-1 3150 -1 5
-1 4279 -1 10
-1 4025 -1 10
-1 4121 -1 1
-1 5341 -1 8
-1 4081 -1 8
-1 5972 -1 9
-1 5657 -1 6
-1 6055 -1 1
-1 5657 -1 8
-1 4714 -1 2
-1 5726 -1 7
-1 2965 -1 10
-1 4277 -1 1
-1 5729 -1 3
-1 4861 -1 7
-1 4309 -1 1
-1 4361 -1 10
-1 3756 -1 4
-1 5143 -1 9
-1 5246 -1 7
-1 3079 -1 3
-1 4138 -1 10
-1 5829 -1 5
-1 4811 -1 9
-1 3960 -1 1
-1 5295 -1 2
-1 5784 -1 1
-1 5926 -1 4
-1 5493 -1 8
-1 5495 -1 7
-1 4190 -1 8
-1 5658 -1 8
-1 4667 -1 4
-1 3664 -1 10
-1 4623 -1 9
-1 4878 -1 3
-1 3997 -1 2
-1 5660 -1 10
-1 5765 -1 7
-1 2906 -1 1
-1 4200 -1 6
-1 5692 -1 6
-1 4457 -1 5
-1 5105 -1 6
-1 4987 -1 10
-1 5478 -1 10
-1 5412 -1 10
-1 5461 -1 1
-1 4829 -1 10
-1 5350 -1 2
-1 5545 -1 5
-1 2903 -1 1
-1 3844 -1 5
-1 3595 -1 5
-1 5044 -1 4
-1 3165 -1 9
LB 5507
