100 20
1 79 2 62 3 17 4 74 5 9 6 63 7 28 8 31 9 81 10 8 11 77 12 16 13 54 14 81 15 28 16 45 17 78 18 76 19 66 20 48 
1 31 2 85 3 87 4 19 5 10 6 42 7 63 8 2 9 83 10 17 11 79 12 6 13 59 14 1 15 81 16 5 17 37 18 52 19 28 20 32 
1 3 2 69 3 39 4 84 5 20 6 19 7 8 8 31 9 63 10 12 11 68 12 66 13 56 14 4 15 92 16 79 17 28 18 30 19 34 20 90 
1 86 2 8 3 17 4 95 5 15 6 91 7 32 8 10 9 39 10 48 11 17 12 6 13 35 14 46 15 60 16 25 17 14 18 32 19 33 20 77 
1 45 2 6 3 15 4 48 5 95 6 83 7 1 8 8 9 87 10 17 11 65 12 9 13 91 14 45 15 38 16 95 17 76 18 6 19 23 20 53 
1 70 2 83 3 61 4 92 5 30 6 89 7 98 8 93 9 80 10 71 11 36 12 21 13 50 14 73 15 33 16 83 17 14 18 93 19 19 20 53 
1 82 2 23 3 59 4 84 5 93 6 84 7 50 8 5 9 83 10 37 11 42 12 21 13 33 14 11 15 32 16 16 17 23 18 71 19 10 20 64 
1 95 2 15 3 67 4 58 5 20 6 65 7 9 8 9 9 72 10 13 11 21 12 60 13 73 14 75 15 87 16 73 17 33 18 16 19 70 20 36 
1 63 2 44 3 1 4 3 5 3 6 92 7 66 8 46 9 88 10 2 11 24 12 51 13 87 14 20 15 55 16 25 17 65 18 78 19 74 20 2 
1 10 2 65 3 24 4 40 5 69 6 82 7 92 8 37 9 98 10 88 11 70 12 37 13 19 14 35 15 31 16 78 17 98 18 36 19 30 20 2 
1 83 2 21 3 1 4 35 5 79 6 52 7 31 8 41 9 75 10 70 11 80 12 54 13 20 14 47 15 27 16 86 17 90 18 58 19 18 20 95 
1 65 2 29 3 9 4 15 5 65 6 32 7 46 8 6 9 27 10 42 11 84 12 29 13 76 14 36 15 84 16 56 17 4 18 24 19 4 20 96 
1 3 2 55 3 94 4 39 5 19 6 72 7 65 8 36 9 38 10 2 11 31 12 92 13 32 14 94 15 7 16 8 17 36 18 79 19 10 20 8 
1 90 2 91 3 55 4 32 5 15 6 5 7 86 8 75 9 69 10 97 11 82 12 68 13 80 14 18 15 88 16 12 17 31 18 27 19 9 20 52 
1 62 2 85 3 53 4 75 5 26 6 10 7 32 8 40 9 60 10 23 11 81 12 59 13 45 14 16 15 16 16 96 17 78 18 82 19 58 20 47 
1 20 2 46 3 93 4 84 5 52 6 86 7 17 8 97 9 27 10 95 11 31 12 94 13 79 14 15 15 99 16 9 17 58 18 82 19 41 20 60 
1 59 2 11 3 7 4 59 5 74 6 55 7 94 8 34 9 25 10 19 11 21 12 47 13 90 14 6 15 77 16 46 17 80 18 25 19 39 20 13 
1 2 2 6 3 18 4 12 5 89 6 57 7 84 8 27 9 43 10 58 11 88 12 49 13 9 14 11 15 40 16 4 17 45 18 69 19 95 20 56 
1 95 2 32 3 27 4 97 5 14 6 77 7 55 8 84 9 11 10 34 11 98 12 65 13 37 14 61 15 1 16 73 17 25 18 27 19 6 20 30 
1 64 2 19 3 56 4 77 5 7 6 46 7 86 8 47 9 59 10 63 11 3 12 23 13 96 14 77 15 56 16 39 17 6 18 50 19 59 20 16 
1 87 2 49 3 19 4 60 5 96 6 54 7 19 8 37 9 37 10 68 11 10 12 48 13 1 14 73 15 82 16 65 17 26 18 61 19 37 20 79 
1 6 2 14 3 74 4 70 5 78 6 34 7 65 8 4 9 95 10 46 11 71 12 59 13 53 14 68 15 12 16 66 17 22 18 9 19 32 20 48 
1 78 2 79 3 83 4 67 5 99 6 99 7 85 8 21 9 60 10 58 11 34 12 54 13 97 14 2 15 71 16 91 17 79 18 18 19 27 20 33 
1 32 2 90 3 50 4 70 5 42 6 77 7 80 8 39 9 80 10 82 11 39 12 44 13 29 14 18 15 17 16 74 17 55 18 46 19 35 20 91 
1 68 2 70 3 71 4 91 5 19 6 76 7 95 8 30 9 34 10 95 11 94 12 30 13 48 14 56 15 22 16 71 17 17 18 16 19 84 20 92 
1 71 2 72 3 42 4 14 5 62 6 1 7 47 8 66 9 87 10 81 11 49 12 4 13 78 14 61 15 17 16 12 17 2 18 98 19 58 20 10 
1 51 2 17 3 62 4 66 5 31 6 70 7 55 8 47 9 86 10 11 11 59 12 98 13 83 14 43 15 39 16 35 17 19 18 44 19 57 20 77 
1 8 2 48 3 63 4 94 5 52 6 25 7 37 8 16 9 65 10 50 11 1 12 7 13 27 14 5 15 82 16 13 17 96 18 64 19 99 20 62 
1 95 2 92 3 76 4 63 5 52 6 3 7 97 8 20 9 8 10 77 11 67 12 57 13 1 14 58 15 32 16 87 17 75 18 38 19 65 20 52 
1 13 2 60 3 26 4 40 5 34 6 25 7 8 8 69 9 82 10 70 11 70 12 82 13 21 14 87 15 2 16 75 17 71 18 49 19 56 20 52 
1 98 2 40 3 1 4 31 5 43 6 88 7 72 8 5 9 63 10 26 11 18 12 51 13 64 14 18 15 74 16 2 17 23 18 34 19 28 20 83 
1 30 2 3 3 63 4 56 5 11 6 91 7 54 8 89 9 55 10 10 11 76 12 50 13 17 14 67 15 74 16 30 17 61 18 2 19 78 20 22 
1 26 2 61 3 27 4 15 5 69 6 32 7 17 8 51 9 71 10 93 11 17 12 68 13 51 14 77 15 54 16 62 17 71 18 50 19 70 20 21 
1 7 2 22 3 39 4 95 5 14 6 93 7 16 8 64 9 47 10 20 11 19 12 62 13 23 14 47 15 61 16 87 17 16 18 34 19 94 20 79 
1 83 2 19 3 13 4 41 5 63 6 37 7 8 8 89 9 59 10 79 11 59 12 36 13 11 14 61 15 31 16 89 17 29 18 77 19 99 20 94 
1 90 2 43 3 97 4 43 5 92 6 46 7 49 8 36 9 26 10 21 11 95 12 39 13 74 14 57 15 77 16 6 17 65 18 98 19 10 20 53 
1 47 2 16 3 83 4 17 5 4 6 22 7 68 8 67 9 93 10 84 11 37 12 5 13 34 14 55 15 28 16 48 17 9 18 97 19 27 20 90 
1 75 2 17 3 23 4 69 5 68 6 37 7 86 8 17 9 2 10 97 11 92 12 42 13 73 14 96 15 74 16 32 17 87 18 4 19 53 20 7 
1 63 2 30 3 31 4 91 5 30 6 43 7 52 8 81 9 55 10 8 11 77 12 47 13 7 14 74 15 73 16 41 17 87 18 98 19 8 20 26 
1 37 2 33 3 45 4 37 5 46 6 87 7 9 8 17 9 12 10 88 11 55 12 70 13 65 14 63 15 20 16 45 17 19 18 51 19 59 20 36 
1 15 2 19 3 16 4 30 5 64 6 95 7 15 8 64 9 97 10 28 11 14 12 28 13 37 14 7 15 1 16 28 17 89 18 85 19 68 20 24 
1 86 2 18 3 38 4 79 5 54 6 1 7 44 8 57 9 28 10 26 11 35 12 72 13 73 14 69 15 72 16 43 17 8 18 64 19 5 20 59 
1 64 2 41 3 38 4 20 5 42 6 26 7 19 8 94 9 20 10 43 11 30 12 19 13 1 14 41 15 77 16 26 17 18 18 32 19 54 20 36 
1 72 2 11 3 8 4 81 5 44 6 2 7 99 8 85 9 7 10 17 11 45 12 40 13 68 14 42 15 48 16 58 17 37 18 31 19 94 20 59 
1 79 2 38 3 67 4 68 5 93 6 49 7 68 8 49 9 63 10 70 11 6 12 24 13 49 14 47 15 52 16 92 17 55 18 25 19 53 20 92 
1 31 2 51 3 38 4 98 5 42 6 54 7 33 8 43 9 17 10 54 11 7 12 91 13 78 14 27 15 8 16 59 17 19 18 60 19 95 20 5 
1 77 2 25 3 25 4 85 5 37 6 85 7 56 8 49 9 36 10 68 11 62 12 76 13 66 14 77 15 51 16 6 17 19 18 32 19 46 20 82 
1 95 2 26 3 32 4 30 5 42 6 47 7 33 8 66 9 7 10 70 11 8 12 32 13 74 14 71 15 18 16 13 17 76 18 63 19 15 20 32 
1 86 2 9 3 99 4 9 5 40 6 47 7 11 8 8 9 95 10 29 11 76 12 11 13 85 14 54 15 7 16 59 17 65 18 64 19 32 20 8 
1 49 2 46 3 77 4 73 5 88 6 51 7 1 8 98 9 83 10 41 11 80 12 17 13 13 14 62 15 46 16 91 17 24 18 52 19 21 20 67 
1 9 2 86 3 71 4 25 5 9 6 14 7 66 8 17 9 85 10 11 11 94 12 75 13 30 14 79 15 14 16 31 17 53 18 91 19 64 20 16 
1 68 2 23 3 90 4 43 5 10 6 96 7 59 8 25 9 91 10 18 11 42 12 77 13 9 14 21 15 18 16 85 17 51 18 38 19 5 20 19 
1 31 2 97 3 23 4 44 5 89 6 69 7 28 8 87 9 26 10 70 11 4 12 9 13 97 14 47 15 56 16 52 17 45 18 11 19 72 20 46 
1 23 2 92 3 31 4 57 5 47 6 46 7 34 8 92 9 43 10 39 11 95 12 26 13 35 14 39 15 5 16 89 17 61 18 96 19 98 20 98 
1 53 2 45 3 72 4 48 5 7 6 58 7 88 8 19 9 14 10 21 11 31 12 13 13 34 14 61 15 97 16 79 17 76 18 61 19 20 20 74 
1 18 2 70 3 21 4 23 5 5 6 50 7 91 8 71 9 66 10 94 11 66 12 66 13 89 14 83 15 18 16 71 17 97 18 60 19 81 20 90 
1 75 2 90 3 16 4 41 5 34 6 65 7 45 8 97 9 98 10 60 11 96 12 34 13 35 14 32 15 34 16 84 17 97 18 96 19 25 20 96 
1 66 2 15 3 5 4 36 5 40 6 17 7 87 8 49 9 43 10 4 11 66 12 33 13 79 14 81 15 4 16 66 17 24 18 67 19 72 20 49 
1 14 2 40 3 57 4 8 5 31 6 67 7 66 8 70 9 30 10 96 11 99 12 18 13 80 14 32 15 69 16 25 17 78 18 83 19 74 20 83 
1 57 2 60 3 61 4 57 5 23 6 55 7 48 8 36 9 43 10 66 11 54 12 94 13 9 14 42 15 38 16 70 17 94 18 9 19 6 20 73 
1 36 2 97 3 86 4 62 5 79 6 72 7 26 8 20 9 88 10 40 11 90 12 82 13 82 14 26 15 43 16 5 17 38 18 3 19 57 20 22 
1 39 2 1 3 24 4 43 5 54 6 29 7 19 8 83 9 86 10 91 11 17 12 51 13 60 14 11 15 2 16 80 17 57 18 71 19 86 20 2 
1 38 2 56 3 98 4 7 5 92 6 48 7 73 8 52 9 52 10 36 11 55 12 66 13 18 14 81 15 11 16 65 17 1 18 33 19 94 20 2 
1 2 2 43 3 22 4 37 5 70 6 68 7 66 8 61 9 51 10 81 11 86 12 34 13 68 14 8 15 93 16 73 17 39 18 71 19 94 20 72 
1 82 2 78 3 17 4 54 5 50 6 84 7 98 8 8 9 35 10 79 11 38 12 33 13 30 14 72 15 51 16 80 17 15 18 85 19 79 20 26 
1 43 2 38 3 32 4 95 5 88 6 68 7 59 8 55 9 59 10 56 11 52 12 85 13 39 14 12 15 21 16 76 17 91 18 22 19 13 20 26 
1 17 2 79 3 13 4 75 5 69 6 73 7 51 8 99 9 29 10 7 11 36 12 36 13 64 14 43 15 32 16 20 17 17 18 93 19 47 20 98 
1 74 2 53 3 26 4 47 5 21 6 68 7 91 8 9 9 84 10 98 11 4 12 58 13 68 14 75 15 23 16 71 17 18 18 34 19 96 20 29 
1 6 2 42 3 44 4 34 5 6 6 44 7 28 8 31 9 12 10 94 11 50 12 65 13 77 14 86 15 15 16 94 17 26 18 50 19 8 20 24 
1 82 2 19 3 58 4 9 5 32 6 47 7 49 8 2 9 58 10 17 11 23 12 64 13 21 14 65 15 31 16 67 17 46 18 4 19 16 20 60 
1 77 2 63 3 78 4 15 5 42 6 66 7 13 8 9 9 23 10 41 11 3 12 6 13 68 14 7 15 38 16 80 17 21 18 47 19 66 20 48 
1 39 2 99 3 85 4 9 5 15 6 42 7 29 8 61 9 46 10 19 11 15 12 51 13 53 14 7 15 7 16 4 17 19 18 40 19 88 20 20 
1 56 2 80 3 50 4 54 5 15 6 82 7 71 8 53 9 63 10 21 11 10 12 93 13 9 14 1 15 85 16 62 17 11 18 70 19 1 20 61 
1 45 2 40 3 76 4 11 5 11 6 25 7 13 8 22 9 62 10 31 11 24 12 76 13 16 14 54 15 8 16 36 17 64 18 41 19 55 20 36 
1 30 2 54 3 60 4 50 5 48 6 76 7 18 8 31 9 21 10 61 11 38 12 63 13 8 14 78 15 7 16 12 17 6 18 80 19 66 20 72 
1 38 2 90 3 28 4 77 5 32 6 33 7 5 8 57 9 28 10 95 11 76 12 93 13 2 14 56 15 44 16 36 17 63 18 98 19 59 20 7 
1 75 2 8 3 72 4 5 5 24 6 43 7 74 8 22 9 93 10 78 11 23 12 61 13 4 14 92 15 82 16 55 17 89 18 19 19 85 20 56 
1 24 2 55 3 34 4 3 5 25 6 19 7 42 8 80 9 24 10 20 11 17 12 76 13 73 14 22 15 74 16 5 17 97 18 12 19 71 20 27 
1 7 2 18 3 73 4 43 5 60 6 94 7 58 8 66 9 28 10 56 11 12 12 46 13 15 14 36 15 68 16 93 17 36 18 4 19 74 20 38 
1 24 2 97 3 76 4 96 5 96 6 84 7 3 8 41 9 3 10 47 11 26 12 67 13 85 14 75 15 15 16 35 17 35 18 35 19 67 20 89 
1 15 2 69 3 82 4 24 5 47 6 66 7 33 8 25 9 24 10 22 11 46 12 60 13 19 14 94 15 66 16 6 17 76 18 24 19 69 20 41 
1 20 2 9 3 55 4 19 5 95 6 14 7 15 8 21 9 40 10 75 11 67 12 76 13 71 14 20 15 3 16 70 17 47 18 29 19 3 20 81 
1 3 2 68 3 25 4 39 5 32 6 66 7 35 8 80 9 5 10 47 11 23 12 16 13 70 14 78 15 76 16 82 17 79 18 39 19 63 20 45 
1 89 2 43 3 15 4 35 5 27 6 96 7 57 8 47 9 98 10 45 11 60 12 11 13 6 14 86 15 32 16 72 17 3 18 5 19 78 20 21 
1 75 2 17 3 98 4 12 5 96 6 18 7 95 8 87 9 59 10 10 11 36 12 44 13 57 14 37 15 28 16 73 17 41 18 43 19 20 20 16 
1 79 2 75 3 35 4 1 5 46 6 63 7 30 8 62 9 58 10 71 11 19 12 28 13 80 14 60 15 79 16 44 17 66 18 91 19 15 20 26 
1 78 2 97 3 70 4 31 5 84 6 52 7 63 8 38 9 60 10 10 11 20 12 97 13 53 14 23 15 80 16 66 17 29 18 43 19 48 20 21 
1 77 2 88 3 35 4 45 5 13 6 56 7 66 8 73 9 21 10 86 11 11 12 27 13 18 14 3 15 27 16 64 17 67 18 40 19 6 20 77 
1 35 2 81 3 17 4 65 5 21 6 84 7 74 8 86 9 3 10 4 11 1 12 88 13 23 14 84 15 82 16 48 17 53 18 24 19 35 20 58 
1 15 2 83 3 85 4 95 5 17 6 7 7 18 8 9 9 98 10 19 11 93 12 68 13 80 14 79 15 99 16 59 17 69 18 68 19 34 20 84 
1 58 2 65 3 86 4 98 5 10 6 36 7 49 8 2 9 82 10 39 11 14 12 55 13 8 14 8 15 42 16 38 17 6 18 52 19 54 20 40 
1 85 2 89 3 25 4 95 5 58 6 36 7 21 8 94 9 28 10 76 11 98 12 62 13 20 14 65 15 51 16 82 17 9 18 4 19 78 20 20 
1 37 2 4 3 33 4 81 5 54 6 86 7 17 8 26 9 18 10 77 11 1 12 68 13 48 14 4 15 88 16 70 17 18 18 9 19 4 20 56 
1 85 2 77 3 96 4 45 5 79 6 47 7 81 8 66 9 71 10 75 11 10 12 40 13 53 14 29 15 44 16 37 17 23 18 26 19 23 20 46 
1 38 2 51 3 89 4 14 5 35 6 38 7 43 8 69 9 14 10 89 11 31 12 87 13 8 14 15 15 47 16 55 17 45 18 53 19 3 20 99 
1 16 2 85 3 79 4 90 5 38 6 61 7 12 8 23 9 5 10 19 11 16 12 20 13 55 14 36 15 5 16 74 17 75 18 59 19 68 20 37 
1 2 2 47 3 22 4 46 5 98 6 56 7 95 8 80 9 63 10 96 11 97 12 74 13 79 14 33 15 35 16 27 17 72 18 87 19 65 20 70 
1 60 2 62 3 59 4 67 5 57 6 62 7 1 8 29 9 17 10 11 11 34 12 81 13 15 14 61 15 41 16 12 17 46 18 25 19 41 20 83 
1 20 2 60 3 29 4 66 5 88 6 99 7 75 8 38 9 8 10 9 11 61 12 6 13 79 14 37 15 70 16 76 17 51 18 70 19 42 20 40 
1 19 2 53 3 15 4 63 5 54 6 35 7 78 8 95 9 32 10 43 11 48 12 64 13 62 14 92 15 97 16 44 17 57 18 40 19 92 20 4 
Reldue
-1 4206 -1 1
-1 5714 -1 6
-1 2796 -1 6
-1 3101 -1 9
-1 5873 -1 9
-1 5983 -1 7
-1 3055 -1 1
-1 4022 -1 9
-1 5597 -1 5
-1 4412 -1 9
-1 2837 -1 6
-1 4090 -1 9
-1 5721 -1 4
-1 4095 -1 6
-1 5055 -1 5
-1 3664 -1 4
-1 4581 -1 7
-1 3394 -1 4
-1 6002 -1 1
-1 2989 -1 4
-1 4429 -1 10
-1 3972 -1 5
-1 2763 -1 3
-1 4985 -1 1
-1 3838 -1 9
-1 5570 -1 6
-1 3399 -1 10
-1 4386 -1 4
-1 5115 -1 1
-1 3125 -1 2
-1 5497 -1 8
-1 4753 -1 8
-1 3218 -1 5
-1 4075 -1 3
-1 3569 -1 4
-1 4968 -1 1
-1 5861 -1 4
-1 5016 -1 10
-1 5123 -1 1
-1 3422 -1 9
-1 3962 -1 4
-1 3706 -1 8
-1 5739 -1 7
-1 5926 -1 5
-1 4795 -1 2
-1 3679 -1 4
-1 3757 -1 5
-1 5512 -1 10
-1 3565 -1 3
-1 3435 -1 1
-1 3627 -1 3
-1 4483 -1 3
-1 2787 -1 2
-1 5955 -1 1
-1 2829 -1 2
-1 5616 -1 7
-1 3263 -1 3
-1 5577 -1 3
-1 3814 -1 1
-1 5263 -1 6
-1 3279 -1 4
-1 3763 -1 2
-1 4398 -1 5
-1 3816 -1 6
-1 5214 -1 4
-1 4338 -1 10
-1 3418 -1 5
-1 3043 -1 2
-1 3107 -1 3
-1 4232 -1 2
-1 3612 -1 8
-1 4093 -1 1
-1 3465 -1 3
-1 5150 -1 7
-1 4979 -1 1
-1 5544 -1 7
-1 3493 -1 3
-1 3170 -1 2
-1 4293 -1 6
-1 2996 -1 6
-1 3736 -1 1
-1 3112 -1 2
-1 3836 -1 9
-1 3097 -1 3
-1 5687 -1 1
-1 4575 -1 7
-1 5645 -1 7
-1 5206 -1 10
-1 5297 -1 10
-1 2740 -1 4
-1 5856 -1 5
-1 5047 -1 8
-1 4049 -1 10
-1 3190 -1 6
-1 4474 -1 5
-1 3278 -1 6
-1 5177 -1 5
-1 5759 -1 3
-1 5749 -1 10
-1 4190 -1 4
LB 5479
