100 20
1 91 2 16 3 96 4 29 5 91 6 10 7 21 8 76 9 23 10 72 11 35 12 97 13 41 14 86 15 91 16 27 17 84 18 17 19 63 20 17 
1 8 2 99 3 7 4 27 5 14 6 76 7 59 8 26 9 4 10 75 11 76 12 62 13 78 14 84 15 58 16 95 17 33 18 11 19 7 20 76 
1 19 2 4 3 78 4 18 5 44 6 17 7 19 8 80 9 91 10 60 11 72 12 76 13 30 14 46 15 7 16 64 17 79 18 25 19 19 20 94 
1 34 2 79 3 43 4 95 5 4 6 19 7 71 8 53 9 23 10 15 11 5 12 28 13 76 14 9 15 7 16 27 17 80 18 83 19 79 20 11 
1 34 2 86 3 18 4 41 5 83 6 43 7 61 8 85 9 31 10 37 11 9 12 49 13 20 14 49 15 96 16 54 17 11 18 39 19 10 20 61 
1 61 2 24 3 53 4 97 5 77 6 79 7 96 8 55 9 82 10 74 11 28 12 40 13 88 14 10 15 15 16 32 17 57 18 57 19 59 20 80 
1 28 2 51 3 75 4 70 5 3 6 58 7 24 8 96 9 26 10 42 11 10 12 67 13 16 14 66 15 31 16 89 17 50 18 41 19 12 20 70 
1 1 2 59 3 87 4 38 5 69 6 19 7 10 8 58 9 15 10 36 11 76 12 24 13 30 14 61 15 98 16 3 17 20 18 87 19 46 20 86 
1 85 2 85 3 61 4 46 5 25 6 76 7 56 8 66 9 83 10 52 11 13 12 37 13 42 14 75 15 97 16 96 17 86 18 32 19 68 20 77 
1 43 2 3 3 40 4 97 5 87 6 80 7 8 8 12 9 86 10 28 11 72 12 24 13 38 14 55 15 34 16 7 17 13 18 37 19 93 20 7 
1 65 2 8 3 47 4 3 5 27 6 71 7 51 8 76 9 20 10 41 11 76 12 71 13 98 14 74 15 23 16 81 17 81 18 45 19 42 20 67 
1 36 2 88 3 50 4 75 5 28 6 95 7 51 8 2 9 22 10 6 11 7 12 42 13 69 14 83 15 11 16 65 17 5 18 76 19 16 20 55 
1 12 2 5 3 23 4 7 5 60 6 45 7 74 8 12 9 19 10 53 11 65 12 56 13 65 14 37 15 49 16 96 17 59 18 40 19 38 20 55 
1 93 2 6 3 27 4 16 5 92 6 56 7 11 8 70 9 18 10 80 11 49 12 86 13 39 14 55 15 87 16 39 17 72 18 34 19 24 20 78 
1 47 2 44 3 25 4 31 5 65 6 34 7 5 8 94 9 37 10 78 11 28 12 71 13 35 14 98 15 33 16 6 17 94 18 40 19 17 20 37 
1 72 2 60 3 76 4 88 5 85 6 34 7 22 8 69 9 7 10 19 11 33 12 25 13 21 14 9 15 73 16 50 17 63 18 30 19 76 20 84 
1 17 2 55 3 54 4 74 5 83 6 67 7 31 8 55 9 66 10 45 11 96 12 44 13 59 14 36 15 41 16 22 17 1 18 22 19 90 20 84 
1 38 2 19 3 99 4 84 5 37 6 1 7 41 8 44 9 29 10 96 11 26 12 46 13 82 14 40 15 27 16 65 17 34 18 32 19 40 20 12 
1 24 2 52 3 94 4 71 5 71 6 49 7 44 8 63 9 40 10 83 11 17 12 22 13 39 14 62 15 68 16 86 17 97 18 65 19 88 20 6 
1 44 2 79 3 1 4 23 5 83 6 26 7 89 8 73 9 93 10 58 11 43 12 9 13 62 14 16 15 67 16 51 17 96 18 4 19 47 20 28 
1 56 2 65 3 76 4 22 5 80 6 31 7 81 8 16 9 8 10 68 11 80 12 86 13 41 14 10 15 67 16 82 17 33 18 52 19 20 20 93 
1 40 2 77 3 56 4 73 5 79 6 6 7 49 8 5 9 81 10 63 11 35 12 52 13 27 14 20 15 56 16 86 17 23 18 5 19 51 20 13 
1 96 2 85 3 51 4 90 5 69 6 13 7 73 8 25 9 42 10 27 11 40 12 48 13 50 14 83 15 51 16 85 17 59 18 25 19 26 20 16 
1 62 2 2 3 75 4 7 5 77 6 98 7 99 8 61 9 7 10 17 11 47 12 90 13 29 14 7 15 19 16 84 17 3 18 10 19 53 20 85 
1 43 2 66 3 8 4 8 5 59 6 44 7 68 8 39 9 69 10 52 11 58 12 91 13 15 14 59 15 67 16 9 17 1 18 23 19 39 20 82 
1 68 2 16 3 38 4 3 5 86 6 25 7 14 8 43 9 68 10 97 11 15 12 51 13 1 14 18 15 42 16 8 17 80 18 94 19 36 20 54 
1 49 2 72 3 22 4 84 5 56 6 11 7 52 8 1 9 98 10 74 11 60 12 34 13 75 14 94 15 27 16 8 17 8 18 22 19 82 20 82 
1 68 2 64 3 34 4 38 5 77 6 44 7 99 8 18 9 3 10 19 11 93 12 21 13 29 14 78 15 71 16 66 17 71 18 76 19 32 20 73 
1 54 2 36 3 35 4 41 5 96 6 3 7 66 8 47 9 42 10 41 11 90 12 75 13 74 14 69 15 69 16 35 17 10 18 29 19 21 20 38 
1 47 2 40 3 5 4 52 5 51 6 32 7 26 8 71 9 7 10 90 11 55 12 43 13 75 14 66 15 25 16 28 17 24 18 51 19 48 20 40 
1 22 2 68 3 82 4 71 5 49 6 48 7 25 8 72 9 69 10 88 11 77 12 33 13 13 14 46 15 63 16 80 17 64 18 18 19 53 20 52 
1 16 2 85 3 27 4 84 5 98 6 69 7 75 8 4 9 4 10 73 11 72 12 83 13 77 14 29 15 88 16 39 17 48 18 81 19 83 20 99 
1 2 2 92 3 5 4 60 5 90 6 33 7 25 8 35 9 4 10 4 11 26 12 13 13 76 14 34 15 56 16 24 17 34 18 76 19 71 20 50 
1 61 2 80 3 77 4 30 5 52 6 9 7 68 8 89 9 66 10 96 11 49 12 82 13 1 14 32 15 62 16 95 17 48 18 44 19 61 20 43 
1 78 2 61 3 82 4 72 5 98 6 28 7 18 8 17 9 86 10 43 11 46 12 92 13 47 14 71 15 18 16 94 17 82 18 98 19 92 20 14 
1 92 2 39 3 45 4 43 5 5 6 2 7 93 8 55 9 60 10 67 11 61 12 78 13 31 14 60 15 24 16 30 17 74 18 51 19 64 20 24 
1 10 2 12 3 51 4 13 5 58 6 46 7 44 8 78 9 80 10 51 11 51 12 2 13 89 14 6 15 92 16 64 17 96 18 40 19 96 20 50 
1 25 2 94 3 54 4 35 5 81 6 85 7 72 8 85 9 43 10 9 11 92 12 80 13 8 14 94 15 50 16 30 17 18 18 16 19 45 20 69 
1 77 2 37 3 64 4 39 5 94 6 38 7 25 8 90 9 27 10 48 11 3 12 39 13 66 14 49 15 35 16 85 17 10 18 11 19 39 20 95 
1 1 2 66 3 81 4 72 5 31 6 90 7 31 8 81 9 36 10 1 11 83 12 16 13 44 14 50 15 59 16 45 17 44 18 64 19 24 20 99 
1 82 2 40 3 90 4 35 5 82 6 88 7 4 8 44 9 22 10 97 11 4 12 22 13 67 14 49 15 55 16 93 17 18 18 29 19 83 20 78 
1 2 2 48 3 66 4 30 5 35 6 83 7 43 8 47 9 52 10 22 11 71 12 67 13 19 14 46 15 31 16 32 17 29 18 14 19 87 20 10 
1 43 2 83 3 52 4 82 5 23 6 22 7 82 8 98 9 84 10 83 11 98 12 5 13 10 14 37 15 87 16 4 17 65 18 39 19 73 20 93 
1 83 2 35 3 74 4 45 5 3 6 81 7 70 8 87 9 39 10 92 11 73 12 50 13 11 14 73 15 52 16 60 17 66 18 21 19 98 20 90 
1 8 2 79 3 38 4 52 5 55 6 98 7 73 8 61 9 9 10 44 11 51 12 53 13 78 14 1 15 58 16 62 17 47 18 24 19 25 20 75 
1 16 2 62 3 19 4 89 5 88 6 21 7 99 8 87 9 83 10 6 11 31 12 86 13 96 14 1 15 5 16 51 17 88 18 46 19 91 20 48 
1 13 2 39 3 49 4 8 5 62 6 92 7 91 8 47 9 83 10 19 11 16 12 68 13 26 14 97 15 33 16 95 17 56 18 23 19 79 20 6 
1 36 2 7 3 18 4 13 5 39 6 96 7 57 8 85 9 90 10 92 11 51 12 97 13 97 14 2 15 69 16 58 17 89 18 65 19 40 20 95 
1 62 2 19 3 23 4 23 5 76 6 69 7 35 8 73 9 90 10 66 11 58 12 83 13 69 14 35 15 83 16 26 17 28 18 70 19 23 20 13 
1 51 2 14 3 89 4 60 5 60 6 95 7 94 8 81 9 88 10 62 11 29 12 75 13 39 14 70 15 23 16 9 17 95 18 28 19 25 20 71 
1 66 2 47 3 11 4 43 5 72 6 65 7 8 8 82 9 33 10 13 11 97 12 41 13 10 14 65 15 13 16 89 17 86 18 11 19 33 20 27 
1 49 2 56 3 37 4 17 5 4 6 28 7 98 8 13 9 15 10 73 11 24 12 5 13 44 14 97 15 7 16 67 17 6 18 77 19 52 20 13 
1 50 2 7 3 86 4 22 5 35 6 95 7 39 8 75 9 99 10 47 11 96 12 46 13 70 14 61 15 78 16 51 17 21 18 91 19 7 20 23 
1 52 2 60 3 29 4 71 5 34 6 28 7 46 8 5 9 92 10 16 11 37 12 2 13 20 14 77 15 8 16 11 17 52 18 10 19 1 20 84 
1 46 2 19 3 42 4 94 5 82 6 48 7 27 8 6 9 78 10 57 11 17 12 61 13 45 14 12 15 22 16 4 17 71 18 22 19 24 20 95 
1 61 2 88 3 65 4 53 5 79 6 50 7 73 8 27 9 16 10 84 11 81 12 34 13 25 14 35 15 8 16 6 17 39 18 47 19 33 20 31 
1 57 2 41 3 42 4 86 5 74 6 55 7 69 8 34 9 65 10 60 11 62 12 49 13 86 14 76 15 44 16 85 17 47 18 1 19 92 20 95 
1 87 2 96 3 33 4 87 5 46 6 3 7 29 8 10 9 59 10 32 11 69 12 27 13 56 14 57 15 69 16 51 17 8 18 85 19 49 20 55 
1 88 2 61 3 41 4 55 5 65 6 86 7 17 8 52 9 40 10 61 11 32 12 71 13 47 14 41 15 1 16 4 17 25 18 86 19 26 20 46 
1 66 2 31 3 86 4 29 5 83 6 75 7 88 8 64 9 39 10 16 11 63 12 78 13 19 14 30 15 81 16 38 17 75 18 67 19 72 20 18 
1 63 2 83 3 27 4 31 5 50 6 12 7 8 8 48 9 97 10 12 11 82 12 9 13 50 14 16 15 99 16 80 17 8 18 79 19 51 20 75 
1 37 2 79 3 61 4 89 5 49 6 91 7 24 8 21 9 4 10 89 11 56 12 80 13 31 14 56 15 35 16 91 17 89 18 79 19 60 20 97 
1 88 2 74 3 35 4 51 5 16 6 82 7 74 8 44 9 20 10 6 11 7 12 48 13 49 14 48 15 43 16 63 17 12 18 2 19 19 20 60 
1 16 2 70 3 45 4 14 5 90 6 5 7 41 8 45 9 24 10 44 11 16 12 88 13 53 14 63 15 9 16 8 17 97 18 58 19 30 20 31 
1 43 2 22 3 80 4 87 5 15 6 58 7 54 8 35 9 94 10 20 11 68 12 49 13 39 14 50 15 67 16 35 17 58 18 57 19 68 20 88 
1 85 2 21 3 4 4 34 5 33 6 55 7 51 8 49 9 22 10 68 11 30 12 36 13 62 14 95 15 64 16 12 17 15 18 6 19 79 20 72 
1 85 2 70 3 18 4 21 5 88 6 82 7 1 8 1 9 14 10 49 11 87 12 50 13 9 14 32 15 30 16 22 17 54 18 97 19 88 20 18 
1 86 2 18 3 42 4 68 5 64 6 13 7 6 8 51 9 54 10 11 11 32 12 32 13 5 14 58 15 25 16 18 17 53 18 88 19 31 20 75 
1 19 2 36 3 17 4 22 5 17 6 87 7 89 8 10 9 60 10 94 11 46 12 87 13 26 14 62 15 50 16 52 17 94 18 60 19 26 20 27 
1 98 2 30 3 24 4 44 5 94 6 69 7 9 8 38 9 64 10 28 11 68 12 83 13 50 14 78 15 74 16 44 17 80 18 71 19 80 20 88 
1 57 2 91 3 67 4 15 5 10 6 50 7 36 8 7 9 45 10 44 11 12 12 42 13 72 14 96 15 22 16 5 17 60 18 51 19 82 20 23 
1 77 2 17 3 56 4 4 5 93 6 5 7 70 8 98 9 17 10 81 11 39 12 43 13 33 14 80 15 3 16 20 17 51 18 39 19 76 20 46 
1 81 2 48 3 91 4 28 5 80 6 49 7 35 8 23 9 86 10 89 11 96 12 1 13 36 14 1 15 56 16 97 17 28 18 61 19 62 20 62 
1 95 2 75 3 6 4 26 5 39 6 43 7 92 8 34 9 46 10 92 11 73 12 15 13 76 14 3 15 22 16 32 17 32 18 99 19 38 20 64 
1 53 2 70 3 80 4 5 5 24 6 3 7 29 8 18 9 51 10 76 11 68 12 63 13 94 14 38 15 43 16 21 17 20 18 7 19 52 20 95 
1 70 2 61 3 92 4 34 5 94 6 82 7 85 8 38 9 90 10 27 11 3 12 49 13 76 14 49 15 91 16 95 17 11 18 39 19 32 20 62 
1 88 2 55 3 35 4 42 5 73 6 89 7 48 8 27 9 13 10 70 11 96 12 71 13 2 14 37 15 86 16 87 17 92 18 19 19 58 20 58 
1 17 2 42 3 21 4 60 5 37 6 76 7 82 8 43 9 60 10 77 11 14 12 26 13 90 14 4 15 7 16 55 17 44 18 3 19 67 20 16 
1 18 2 47 3 85 4 47 5 69 6 33 7 3 8 16 9 18 10 90 11 17 12 59 13 79 14 60 15 70 16 11 17 14 18 99 19 41 20 44 
1 27 2 34 3 36 4 95 5 23 6 53 7 66 8 15 9 24 10 66 11 12 12 36 13 70 14 93 15 86 16 87 17 31 18 65 19 71 20 52 
1 46 2 18 3 45 4 55 5 52 6 50 7 29 8 63 9 22 10 25 11 55 12 79 13 63 14 46 15 79 16 28 17 48 18 89 19 77 20 97 
1 91 2 10 3 23 4 94 5 64 6 66 7 42 8 64 9 49 10 12 11 68 12 51 13 73 14 72 15 27 16 17 17 76 18 6 19 27 20 49 
1 80 2 89 3 29 4 87 5 16 6 17 7 63 8 78 9 17 10 63 11 32 12 17 13 97 14 14 15 95 16 68 17 62 18 22 19 50 20 29 
1 56 2 60 3 76 4 99 5 66 6 97 7 6 8 55 9 65 10 77 11 82 12 20 13 99 14 97 15 38 16 32 17 97 18 35 19 74 20 15 
1 68 2 55 3 50 4 1 5 13 6 90 7 4 8 51 9 45 10 95 11 92 12 57 13 62 14 4 15 26 16 3 17 77 18 99 19 1 20 7 
1 34 2 6 3 87 4 74 5 20 6 78 7 47 8 50 9 69 10 49 11 43 12 47 13 53 14 83 15 19 16 88 17 97 18 9 19 77 20 28 
1 29 2 66 3 34 4 50 5 51 6 63 7 30 8 55 9 91 10 89 11 48 12 93 13 53 14 52 15 91 16 27 17 57 18 24 19 78 20 20 
1 82 2 88 3 60 4 75 5 8 6 69 7 82 8 94 9 43 10 32 11 13 12 69 13 2 14 11 15 50 16 94 17 18 18 61 19 68 20 68 
1 31 2 26 3 33 4 79 5 11 6 50 7 45 8 64 9 46 10 53 11 7 12 9 13 78 14 7 15 31 16 87 17 24 18 25 19 39 20 76 
1 59 2 19 3 17 4 2 5 53 6 34 7 57 8 71 9 98 10 32 11 89 12 74 13 25 14 40 15 70 16 43 17 99 18 22 19 84 20 45 
1 40 2 82 3 82 4 74 5 58 6 69 7 51 8 73 9 76 10 91 11 38 12 58 13 69 14 42 15 87 16 39 17 82 18 40 19 80 20 14 
1 12 2 17 3 97 4 21 5 20 6 83 7 81 8 20 9 13 10 52 11 31 12 29 13 41 14 87 15 84 16 54 17 54 18 34 19 14 20 96 
1 9 2 6 3 43 4 28 5 81 6 25 7 71 8 25 9 81 10 81 11 16 12 59 13 42 14 72 15 91 16 62 17 12 18 85 19 10 20 40 
1 95 2 42 3 8 4 78 5 32 6 8 7 59 8 54 9 13 10 61 11 45 12 48 13 6 14 67 15 62 16 29 17 23 18 45 19 44 20 21 
1 35 2 31 3 8 4 8 5 19 6 97 7 4 8 99 9 85 10 79 11 25 12 65 13 17 14 85 15 38 16 5 17 61 18 2 19 24 20 58 
1 57 2 85 3 42 4 44 5 11 6 35 7 81 8 35 9 80 10 64 11 46 12 99 13 91 14 31 15 10 16 75 17 85 18 94 19 89 20 27 
1 21 2 31 3 59 4 40 5 73 6 22 7 3 8 18 9 21 10 41 11 82 12 60 13 8 14 79 15 36 16 21 17 42 18 95 19 76 20 37 
1 67 2 13 3 35 4 68 5 85 6 3 7 97 8 68 9 33 10 45 11 86 12 33 13 8 14 74 15 65 16 6 17 3 18 49 19 20 20 60 
1 26 2 27 3 93 4 2 5 2 6 60 7 64 8 51 9 50 10 65 11 69 12 3 13 9 14 17 15 62 16 3 17 33 18 62 19 76 20 75 
1 8 2 56 3 20 4 16 5 81 6 43 7 54 8 49 9 71 10 82 11 55 12 93 13 13 14 98 15 10 16 86 17 52 18 63 19 66 20 60 
Reldue
-1 3156 -1 9
-1 4940 -1 3
-1 3217 -1 2
-1 5669 -1 9
-1 4571 -1 7
-1 6004 -1 8
-1 4067 -1 6
-1 3305 -1 4
-1 5673 -1 8
-1 4909 -1 3
-1 4282 -1 7
-1 3580 -1 4
-1 4256 -1 6
-1 3387 -1 7
-1 3611 -1 8
-1 2875 -1 8
-1 4617 -1 9
-1 4858 -1 5
-1 3257 -1 1
-1 5780 -1 10
-1 3399 -1 2
-1 5541 -1 5
-1 5506 -1 8
-1 5433 -1 9
-1 4776 -1 9
-1 3337 -1 2
-1 5196 -1 4
-1 4206 -1 5
-1 3563 -1 3
-1 6003 -1 8
-1 4371 -1 7
-1 4393 -1 9
-1 4049 -1 7
-1 5022 -1 10
-1 4383 -1 10
-1 2928 -1 2
-1 2750 -1 7
-1 4267 -1 1
-1 5268 -1 1
-1 4642 -1 7
-1 5468 -1 8
-1 5831 -1 10
-1 4173 -1 6
-1 5858 -1 7
-1 5520 -1 5
-1 3024 -1 4
-1 3144 -1 3
-1 3379 -1 2
-1 4274 -1 2
-1 5032 -1 10
-1 5704 -1 2
-1 3275 -1 4
-1 4555 -1 7
-1 4385 -1 1
-1 5191 -1 8
-1 5375 -1 10
-1 5454 -1 7
-1 4994 -1 4
-1 3887 -1 3
-1 6032 -1 10
-1 2827 -1 3
-1 5585 -1 6
-1 2874 -1 1
-1 5882 -1 3
-1 3300 -1 5
-1 4048 -1 1
-1 4882 -1 7
-1 3638 -1 9
-1 4871 -1 10
-1 5846 -1 6
-1 5581 -1 8
-1 5279 -1 2
-1 5669 -1 9
-1 3522 -1 2
-1 3709 -1 8
-1 6020 -1 4
-1 2891 -1 6
-1 5931 -1 5
-1 4195 -1 9
-1 4811 -1 4
-1 4383 -1 1
-1 5885 -1 7
-1 4508 -1 2
-1 4674 -1 8
-1 4394 -1 8
-1 4565 -1 5
-1 5631 -1 5
-1 4638 -1 7
-1 2938 -1 9
-1 4596 -1 1
-1 3977 -1 1
-1 3713 -1 8
-1 4939 -1 6
-1 3987 -1 3
-1 2865 -1 3
-1 5250 -1 1
-1 4065 -1 6
-1 5365 -1 3
-1 4159 -1 10
-1 4469 -1 9
LB 5485
