100 20
1 10 2 16 3 65 4 29 5 90 6 94 7 30 8 9 9 74 10 1 11 41 12 37 13 17 14 12 15 55 16 89 17 63 18 34 19 73 20 79 
1 50 2 52 3 55 4 78 5 70 6 14 7 26 8 14 9 93 10 87 11 31 12 31 13 90 14 13 15 66 16 32 17 58 18 37 19 28 20 19 
1 94 2 78 3 23 4 24 5 95 6 12 7 29 8 75 9 89 10 10 11 16 12 19 13 81 14 72 15 89 16 12 17 18 18 47 19 8 20 76 
1 29 2 34 3 85 4 97 5 89 6 45 7 6 8 5 9 72 10 89 11 89 12 51 13 55 14 35 15 16 16 78 17 89 18 16 19 7 20 86 
1 23 2 12 3 13 4 93 5 97 6 63 7 58 8 80 9 43 10 58 11 98 12 51 13 46 14 41 15 90 16 74 17 38 18 1 19 19 20 24 
1 4 2 30 3 17 4 85 5 83 6 15 7 52 8 80 9 18 10 51 11 54 12 26 13 49 14 18 15 33 16 82 17 81 18 42 19 91 20 13 
1 31 2 82 3 18 4 17 5 1 6 32 7 74 8 65 9 39 10 23 11 97 12 67 13 68 14 63 15 96 16 28 17 83 18 63 19 78 20 49 
1 94 2 76 3 87 4 38 5 12 6 22 7 34 8 96 9 44 10 89 11 97 12 74 13 41 14 44 15 91 16 72 17 9 18 86 19 73 20 29 
1 31 2 90 3 26 4 79 5 82 6 86 7 63 8 14 9 42 10 34 11 5 12 88 13 95 14 29 15 40 16 92 17 10 18 8 19 23 20 33 
1 4 2 10 3 53 4 77 5 69 6 31 7 71 8 75 9 31 10 10 11 3 12 66 13 14 14 76 15 53 16 6 17 94 18 85 19 49 20 63 
1 43 2 35 3 41 4 47 5 33 6 95 7 87 8 59 9 70 10 46 11 19 12 51 13 45 14 2 15 64 16 78 17 19 18 28 19 84 20 38 
1 72 2 89 3 16 4 56 5 7 6 45 7 10 8 51 9 1 10 45 11 69 12 15 13 5 14 7 15 43 16 74 17 45 18 91 19 39 20 21 
1 10 2 41 3 17 4 76 5 40 6 59 7 82 8 40 9 50 10 98 11 12 12 79 13 80 14 22 15 70 16 49 17 61 18 59 19 14 20 4 
1 32 2 77 3 88 4 18 5 30 6 70 7 51 8 52 9 21 10 6 11 71 12 62 13 17 14 75 15 5 16 23 17 20 18 86 19 74 20 36 
1 36 2 12 3 42 4 55 5 83 6 20 7 42 8 82 9 62 10 11 11 37 12 1 13 31 14 63 15 86 16 33 17 82 18 14 19 68 20 32 
1 33 2 97 3 39 4 38 5 80 6 60 7 21 8 32 9 90 10 1 11 97 12 26 13 64 14 60 15 3 16 31 17 18 18 60 19 71 20 64 
1 87 2 30 3 72 4 93 5 20 6 1 7 8 8 94 9 43 10 88 11 58 12 81 13 3 14 35 15 59 16 77 17 11 18 80 19 33 20 70 
1 92 2 17 3 6 4 64 5 84 6 76 7 43 8 39 9 58 10 8 11 89 12 97 13 39 14 49 15 28 16 65 17 50 18 91 19 10 20 28 
1 53 2 91 3 58 4 49 5 24 6 26 7 20 8 49 9 98 10 77 11 76 12 94 13 31 14 32 15 29 16 80 17 85 18 22 19 85 20 47 
1 47 2 46 3 95 4 85 5 21 6 50 7 34 8 3 9 98 10 98 11 99 12 13 13 83 14 78 15 67 16 38 17 32 18 57 19 82 20 88 
1 82 2 56 3 98 4 75 5 16 6 80 7 81 8 39 9 56 10 50 11 91 12 3 13 71 14 98 15 6 16 73 17 30 18 20 19 26 20 16 
1 55 2 97 3 83 4 57 5 42 6 91 7 27 8 75 9 9 10 93 11 33 12 72 13 88 14 69 15 87 16 15 17 36 18 85 19 38 20 63 
1 68 2 15 3 38 4 58 5 79 6 35 7 52 8 51 9 51 10 86 11 15 12 53 13 31 14 82 15 11 16 62 17 24 18 2 19 29 20 59 
1 11 2 12 3 2 4 83 5 35 6 12 7 47 8 75 9 37 10 7 11 64 12 61 13 4 14 51 15 60 16 35 17 22 18 17 19 19 20 62 
1 55 2 61 3 22 4 88 5 84 6 72 7 17 8 68 9 39 10 28 11 97 12 88 13 99 14 90 15 17 16 83 17 20 18 97 19 51 20 89 
1 9 2 87 3 76 4 73 5 89 6 27 7 81 8 29 9 27 10 95 11 2 12 92 13 3 14 89 15 61 16 52 17 14 18 78 19 26 20 62 
1 41 2 7 3 38 4 82 5 71 6 39 7 95 8 3 9 37 10 75 11 57 12 26 13 83 14 97 15 59 16 17 17 87 18 41 19 96 20 39 
1 5 2 24 3 59 4 40 5 1 6 39 7 79 8 74 9 27 10 82 11 6 12 2 13 13 14 87 15 1 16 72 17 1 18 59 19 27 20 20 
1 83 2 72 3 6 4 30 5 2 6 62 7 29 8 7 9 86 10 88 11 92 12 4 13 7 14 99 15 92 16 55 17 9 18 73 19 11 20 58 
1 85 2 5 3 88 4 66 5 8 6 73 7 44 8 49 9 89 10 43 11 22 12 88 13 19 14 20 15 79 16 33 17 24 18 88 19 48 20 57 
1 48 2 35 3 97 4 18 5 97 6 97 7 19 8 69 9 3 10 16 11 42 12 72 13 98 14 52 15 70 16 37 17 75 18 29 19 82 20 56 
1 73 2 7 3 17 4 21 5 4 6 49 7 77 8 77 9 59 10 66 11 83 12 24 13 25 14 73 15 55 16 81 17 22 18 55 19 20 20 96 
1 55 2 4 3 99 4 26 5 42 6 15 7 74 8 72 9 39 10 50 11 23 12 98 13 48 14 32 15 47 16 99 17 6 18 15 19 77 20 17 
1 93 2 21 3 83 4 10 5 57 6 38 7 99 8 7 9 31 10 68 11 72 12 71 13 54 14 57 15 14 16 11 17 61 18 34 19 43 20 1 
1 89 2 55 3 57 4 37 5 88 6 67 7 6 8 56 9 18 10 2 11 74 12 52 13 78 14 14 15 98 16 8 17 27 18 11 19 39 20 10 
1 99 2 39 3 55 4 59 5 34 6 23 7 91 8 73 9 55 10 68 11 41 12 93 13 48 14 48 15 3 16 24 17 32 18 66 19 57 20 37 
1 88 2 5 3 79 4 60 5 87 6 31 7 45 8 5 9 88 10 38 11 67 12 60 13 36 14 67 15 58 16 59 17 1 18 53 19 8 20 30 
1 43 2 73 3 81 4 8 5 33 6 85 7 76 8 13 9 81 10 97 11 74 12 66 13 38 14 73 15 40 16 31 17 40 18 70 19 40 20 97 
1 58 2 99 3 25 4 8 5 84 6 42 7 20 8 25 9 33 10 16 11 87 12 34 13 67 14 74 15 15 16 38 17 25 18 84 19 20 20 64 
1 80 2 36 3 70 4 96 5 90 6 58 7 36 8 95 9 67 10 19 11 5 12 76 13 97 14 64 15 13 16 91 17 59 18 75 19 16 20 32 
1 63 2 43 3 39 4 47 5 19 6 40 7 4 8 34 9 56 10 47 11 17 12 56 13 74 14 37 15 33 16 42 17 4 18 13 19 97 20 50 
1 94 2 58 3 49 4 93 5 39 6 67 7 61 8 61 9 98 10 65 11 67 12 9 13 78 14 55 15 22 16 66 17 85 18 57 19 32 20 40 
1 43 2 34 3 15 4 77 5 25 6 86 7 82 8 49 9 10 10 29 11 35 12 77 13 74 14 36 15 86 16 72 17 10 18 30 19 13 20 6 
1 73 2 57 3 38 4 38 5 42 6 74 7 37 8 7 9 22 10 50 11 66 12 54 13 7 14 60 15 3 16 46 17 98 18 94 19 49 20 47 
1 89 2 83 3 37 4 3 5 74 6 36 7 82 8 37 9 29 10 48 11 20 12 3 13 65 14 96 15 68 16 75 17 36 18 54 19 8 20 73 
1 58 2 93 3 63 4 38 5 60 6 45 7 55 8 24 9 7 10 11 11 70 12 22 13 30 14 58 15 17 16 13 17 91 18 20 19 49 20 20 
1 69 2 10 3 48 4 14 5 22 6 44 7 82 8 95 9 68 10 76 11 43 12 53 13 89 14 92 15 43 16 69 17 5 18 87 19 52 20 31 
1 54 2 32 3 79 4 72 5 2 6 15 7 68 8 72 9 46 10 60 11 51 12 55 13 38 14 4 15 66 16 21 17 11 18 63 19 55 20 20 
1 3 2 20 3 96 4 70 5 74 6 96 7 2 8 94 9 15 10 94 11 15 12 97 13 9 14 89 15 63 16 5 17 85 18 10 19 76 20 78 
1 31 2 51 3 47 4 80 5 27 6 92 7 71 8 15 9 8 10 56 11 13 12 84 13 23 14 88 15 24 16 48 17 71 18 94 19 8 20 60 
1 28 2 38 3 13 4 37 5 43 6 42 7 58 8 26 9 29 10 96 11 16 12 2 13 26 14 32 15 79 16 6 17 15 18 37 19 96 20 91 
1 20 2 75 3 33 4 31 5 19 6 38 7 26 8 94 9 7 10 21 11 35 12 24 13 61 14 31 15 42 16 24 17 42 18 33 19 13 20 80 
1 32 2 58 3 51 4 91 5 8 6 81 7 24 8 85 9 10 10 83 11 25 12 45 13 59 14 92 15 91 16 89 17 34 18 9 19 76 20 91 
1 50 2 69 3 36 4 54 5 22 6 45 7 14 8 92 9 77 10 99 11 43 12 92 13 7 14 85 15 85 16 49 17 79 18 74 19 35 20 73 
1 14 2 86 3 9 4 14 5 26 6 88 7 72 8 59 9 37 10 33 11 52 12 8 13 53 14 82 15 77 16 31 17 77 18 67 19 81 20 27 
1 39 2 70 3 13 4 97 5 67 6 94 7 1 8 16 9 42 10 5 11 52 12 56 13 39 14 59 15 57 16 46 17 25 18 13 19 90 20 56 
1 16 2 42 3 40 4 36 5 92 6 9 7 67 8 6 9 25 10 40 11 21 12 32 13 92 14 17 15 39 16 28 17 93 18 84 19 41 20 53 
1 34 2 1 3 58 4 90 5 79 6 79 7 53 8 67 9 51 10 27 11 21 12 31 13 45 14 55 15 60 16 72 17 48 18 65 19 45 20 70 
1 14 2 2 3 84 4 73 5 99 6 54 7 69 8 86 9 83 10 4 11 37 12 2 13 6 14 43 15 25 16 80 17 97 18 27 19 17 20 37 
1 70 2 50 3 83 4 65 5 22 6 83 7 35 8 16 9 59 10 37 11 59 12 96 13 30 14 55 15 43 16 11 17 83 18 81 19 43 20 51 
1 1 2 31 3 88 4 67 5 86 6 50 7 2 8 8 9 89 10 45 11 63 12 58 13 40 14 85 15 78 16 85 17 3 18 24 19 57 20 15 
1 38 2 78 3 95 4 25 5 19 6 50 7 37 8 23 9 59 10 60 11 50 12 21 13 92 14 49 15 5 16 58 17 92 18 23 19 50 20 99 
1 83 2 41 3 25 4 17 5 71 6 4 7 67 8 66 9 61 10 49 11 64 12 10 13 99 14 10 15 76 16 84 17 74 18 81 19 4 20 29 
1 48 2 33 3 50 4 81 5 52 6 4 7 4 8 47 9 62 10 26 11 65 12 73 13 73 14 84 15 45 16 28 17 38 18 38 19 64 20 99 
1 64 2 14 3 30 4 47 5 69 6 20 7 98 8 61 9 29 10 16 11 44 12 12 13 30 14 92 15 70 16 55 17 43 18 50 19 64 20 89 
1 15 2 77 3 42 4 65 5 69 6 27 7 41 8 42 9 11 10 84 11 77 12 52 13 72 14 47 15 9 16 7 17 2 18 38 19 89 20 89 
1 73 2 10 3 60 4 99 5 28 6 75 7 34 8 45 9 15 10 52 11 79 12 13 13 40 14 3 15 11 16 61 17 79 18 14 19 40 20 5 
1 26 2 1 3 95 4 56 5 84 6 56 7 4 8 51 9 37 10 85 11 36 12 62 13 50 14 24 15 96 16 50 17 38 18 54 19 71 20 58 
1 47 2 26 3 34 4 72 5 10 6 34 7 7 8 33 9 32 10 35 11 91 12 92 13 3 14 87 15 73 16 22 17 29 18 82 19 28 20 40 
1 34 2 50 3 98 4 94 5 19 6 22 7 76 8 2 9 41 10 95 11 51 12 6 13 76 14 41 15 74 16 94 17 84 18 10 19 12 20 32 
1 30 2 4 3 25 4 20 5 4 6 65 7 47 8 69 9 67 10 20 11 7 12 48 13 28 14 39 15 10 16 44 17 15 18 50 19 95 20 5 
1 24 2 77 3 43 4 33 5 80 6 80 7 39 8 49 9 99 10 89 11 68 12 14 13 60 14 92 15 48 16 48 17 14 18 12 19 77 20 37 
1 56 2 7 3 60 4 51 5 10 6 30 7 34 8 50 9 36 10 20 11 1 12 21 13 29 14 24 15 90 16 59 17 72 18 69 19 83 20 23 
1 72 2 53 3 90 4 26 5 81 6 96 7 40 8 22 9 25 10 74 11 42 12 39 13 30 14 81 15 54 16 81 17 53 18 61 19 63 20 22 
1 34 2 7 3 69 4 23 5 58 6 2 7 83 8 66 9 19 10 29 11 10 12 63 13 56 14 46 15 50 16 33 17 79 18 70 19 58 20 81 
1 9 2 81 3 33 4 30 5 52 6 51 7 52 8 76 9 84 10 65 11 42 12 44 13 87 14 53 15 97 16 79 17 49 18 73 19 17 20 54 
1 19 2 29 3 84 4 69 5 77 6 11 7 20 8 35 9 28 10 65 11 17 12 98 13 17 14 60 15 26 16 18 17 87 18 19 19 42 20 1 
1 28 2 2 3 20 4 76 5 33 6 44 7 23 8 37 9 9 10 96 11 97 12 77 13 30 14 66 15 63 16 24 17 34 18 99 19 91 20 71 
1 29 2 7 3 96 4 31 5 8 6 54 7 12 8 14 9 31 10 48 11 85 12 64 13 99 14 71 15 6 16 15 17 64 18 55 19 67 20 52 
1 26 2 75 3 64 4 8 5 72 6 76 7 59 8 9 9 23 10 19 11 4 12 70 13 74 14 2 15 15 16 27 17 2 18 31 19 50 20 14 
1 13 2 44 3 81 4 21 5 90 6 34 7 33 8 75 9 97 10 71 11 56 12 84 13 39 14 41 15 11 16 79 17 54 18 83 19 16 20 13 
1 64 2 86 3 39 4 97 5 5 6 95 7 47 8 19 9 52 10 43 11 8 12 73 13 46 14 88 15 25 16 66 17 72 18 24 19 65 20 27 
1 51 2 25 3 17 4 74 5 90 6 72 7 88 8 55 9 19 10 73 11 66 12 89 13 44 14 30 15 46 16 90 17 46 18 18 19 35 20 54 
1 14 2 6 3 97 4 21 5 98 6 63 7 17 8 16 9 85 10 39 11 6 12 3 13 10 14 51 15 6 16 72 17 95 18 91 19 1 20 1 
1 38 2 68 3 88 4 87 5 67 6 66 7 89 8 87 9 58 10 50 11 55 12 46 13 13 14 20 15 30 16 57 17 16 18 56 19 61 20 3 
1 29 2 60 3 8 4 35 5 43 6 64 7 68 8 52 9 33 10 82 11 18 12 48 13 99 14 74 15 55 16 29 17 10 18 96 19 34 20 12 
1 7 2 10 3 46 4 88 5 31 6 60 7 54 8 41 9 99 10 4 11 39 12 45 13 87 14 23 15 98 16 4 17 92 18 5 19 32 20 15 
1 44 2 34 3 52 4 69 5 85 6 95 7 21 8 34 9 10 10 94 11 16 12 66 13 16 14 71 15 45 16 22 17 15 18 93 19 95 20 39 
1 3 2 34 3 95 4 77 5 51 6 93 7 24 8 70 9 23 10 22 11 25 12 77 13 3 14 54 15 94 16 78 17 19 18 13 19 63 20 64 
1 22 2 87 3 93 4 57 5 12 6 99 7 89 8 95 9 53 10 2 11 28 12 66 13 65 14 74 15 1 16 9 17 44 18 66 19 88 20 89 
1 79 2 91 3 49 4 66 5 25 6 57 7 60 8 48 9 12 10 80 11 74 12 71 13 73 14 82 15 43 16 48 17 75 18 42 19 29 20 32 
1 34 2 13 3 32 4 91 5 1 6 31 7 78 8 81 9 85 10 61 11 82 12 32 13 28 14 25 15 2 16 37 17 94 18 46 19 33 20 38 
1 73 2 50 3 99 4 79 5 41 6 82 7 70 8 29 9 21 10 21 11 1 12 52 13 35 14 51 15 31 16 25 17 35 18 76 19 39 20 5 
1 4 2 20 3 46 4 12 5 65 6 55 7 12 8 37 9 46 10 87 11 22 12 25 13 80 14 57 15 24 16 57 17 94 18 86 19 39 20 91 
1 62 2 7 3 93 4 41 5 95 6 52 7 88 8 52 9 16 10 88 11 30 12 66 13 79 14 42 15 58 16 20 17 65 18 94 19 16 20 53 
1 93 2 29 3 7 4 23 5 89 6 61 7 77 8 64 9 84 10 6 11 65 12 4 13 65 14 84 15 26 16 90 17 96 18 91 19 52 20 19 
1 8 2 89 3 23 4 35 5 54 6 87 7 13 8 21 9 62 10 12 11 40 12 51 13 38 14 86 15 44 16 38 17 32 18 57 19 62 20 64 
1 25 2 62 3 22 4 49 5 2 6 87 7 58 8 83 9 80 10 59 11 99 12 35 13 59 14 23 15 7 16 49 17 38 18 6 19 85 20 41 
1 60 2 29 3 59 4 13 5 3 6 98 7 3 8 87 9 3 10 17 11 57 12 61 13 14 14 78 15 35 16 20 17 12 18 92 19 39 20 82 
1 16 2 74 3 8 4 30 5 17 6 58 7 83 8 63 9 79 10 27 11 91 12 45 13 84 14 43 15 99 16 83 17 84 18 24 19 4 20 63 
Reldue
-1 5185 -1 6
-1 4118 -1 9
-1 3006 -1 7
-1 5182 -1 6
-1 4850 -1 4
-1 4299 -1 3
-1 3656 -1 9
-1 4561 -1 1
-1 4654 -1 5
-1 3220 -1 3
-1 5184 -1 9
-1 3458 -1 5
-1 3902 -1 5
-1 4086 -1 6
-1 3438 -1 2
-1 4300 -1 1
-1 3751 -1 3
-1 5306 -1 2
-1 4767 -1 4
-1 5325 -1 3
-1 5049 -1 6
-1 3236 -1 4
-1 3473 -1 3
-1 3512 -1 8
-1 3060 -1 2
-1 5919 -1 4
-1 3414 -1 7
-1 2969 -1 10
-1 3749 -1 4
-1 5893 -1 10
-1 3667 -1 10
-1 3713 -1 7
-1 3290 -1 8
-1 2750 -1 4
-1 5913 -1 5
-1 4119 -1 5
-1 2824 -1 7
-1 5059 -1 6
-1 5723 -1 8
-1 5658 -1 8
-1 2984 -1 3
-1 4215 -1 4
-1 5735 -1 6
-1 4759 -1 4
-1 5354 -1 3
-1 2866 -1 6
-1 4652 -1 10
-1 4302 -1 9
-1 3316 -1 8
-1 4968 -1 3
-1 3423 -1 4
-1 5897 -1 3
-1 5340 -1 6
-1 3757 -1 3
-1 5486 -1 3
-1 5072 -1 4
-1 3370 -1 8
-1 3023 -1 1
-1 5682 -1 3
-1 4030 -1 8
-1 6029 -1 3
-1 5301 -1 2
-1 3498 -1 8
-1 3155 -1 2
-1 5999 -1 1
-1 5498 -1 3
-1 3673 -1 10
-1 4270 -1 8
-1 5787 -1 5
-1 3711 -1 7
-1 4809 -1 8
-1 5425 -1 10
-1 3461 -1 8
-1 4974 -1 4
-1 5921 -1 1
-1 4299 -1 4
-1 2809 -1 7
-1 4127 -1 4
-1 3742 -1 4
-1 4881 -1 2
-1 4477 -1 2
-1 3796 -1 10
-1 3553 -1 4
-1 5458 -1 7
-1 5970 -1 3
-1 4320 -1 4
-1 3734 -1 10
-1 2957 -1 10
-1 4078 -1 7
-1 4654 -1 9
-1 4994 -1 8
-1 3768 -1 3
-1 5687 -1 1
-1 5609 -1 6
-1 2902 -1 3
-1 5906 -1 8
-1 5251 -1 3
-1 5332 -1 3
-1 4305 -1 6
-1 2983 -1 2
LB 5481
