100 20
1 5 2 45 3 65 4 85 5 9 6 96 7 94 8 19 9 15 10 46 11 89 12 94 13 40 14 35 15 42 16 9 17 41 18 6 19 28 20 85 
1 35 2 30 3 83 4 82 5 39 6 20 7 20 8 67 9 92 10 8 11 28 12 24 13 24 14 12 15 95 16 14 17 53 18 76 19 48 20 2 
1 48 2 88 3 84 4 59 5 61 6 49 7 94 8 60 9 94 10 66 11 94 12 22 13 54 14 10 15 85 16 18 17 53 18 4 19 12 20 30 
1 97 2 83 3 68 4 7 5 80 6 61 7 29 8 33 9 90 10 54 11 81 12 86 13 89 14 79 15 18 16 62 17 9 18 25 19 20 20 63 
1 98 2 6 3 71 4 6 5 71 6 58 7 63 8 70 9 87 10 1 11 63 12 50 13 82 14 19 15 90 16 97 17 64 18 52 19 86 20 72 
1 87 2 34 3 77 4 41 5 85 6 57 7 16 8 22 9 86 10 70 11 5 12 69 13 84 14 65 15 9 16 17 17 34 18 22 19 71 20 35 
1 39 2 38 3 43 4 71 5 27 6 56 7 77 8 94 9 85 10 64 11 12 12 60 13 98 14 99 15 15 16 36 17 39 18 65 19 20 20 10 
1 68 2 48 3 59 4 71 5 23 6 93 7 40 8 2 9 20 10 92 11 40 12 18 13 67 14 45 15 25 16 93 17 11 18 54 19 11 20 65 
1 73 2 64 3 2 4 92 5 44 6 26 7 1 8 36 9 43 10 81 11 32 12 67 13 75 14 7 15 26 16 87 17 14 18 25 19 39 20 92 
1 38 2 84 3 83 4 88 5 17 6 39 7 9 8 39 9 80 10 87 11 77 12 93 13 96 14 71 15 38 16 22 17 94 18 14 19 60 20 45 
1 52 2 55 3 99 4 88 5 43 6 48 7 94 8 12 9 4 10 99 11 46 12 61 13 60 14 19 15 10 16 41 17 49 18 75 19 22 20 73 
1 56 2 40 3 24 4 83 5 82 6 92 7 63 8 87 9 31 10 74 11 10 12 1 13 17 14 85 15 67 16 85 17 76 18 25 19 63 20 50 
1 26 2 82 3 34 4 86 5 86 6 78 7 96 8 45 9 74 10 60 11 63 12 93 13 10 14 70 15 18 16 50 17 3 18 68 19 92 20 79 
1 14 2 82 3 49 4 9 5 98 6 71 7 50 8 23 9 38 10 22 11 52 12 46 13 32 14 62 15 90 16 7 17 88 18 21 19 9 20 63 
1 84 2 86 3 60 4 59 5 20 6 52 7 40 8 15 9 21 10 84 11 33 12 62 13 7 14 28 15 76 16 61 17 59 18 70 19 33 20 1 
1 74 2 31 3 28 4 52 5 44 6 75 7 19 8 61 9 73 10 15 11 55 12 1 13 65 14 93 15 44 16 25 17 41 18 94 19 51 20 26 
1 75 2 18 3 23 4 80 5 96 6 20 7 70 8 70 9 29 10 54 11 54 12 42 13 98 14 26 15 8 16 4 17 32 18 4 19 84 20 85 
1 82 2 15 3 19 4 69 5 53 6 15 7 38 8 38 9 34 10 37 11 37 12 48 13 16 14 83 15 68 16 68 17 9 18 63 19 61 20 20 
1 33 2 56 3 91 4 49 5 66 6 81 7 13 8 20 9 1 10 74 11 37 12 42 13 2 14 70 15 49 16 83 17 68 18 33 19 90 20 58 
1 5 2 68 3 81 4 44 5 48 6 99 7 80 8 55 9 51 10 51 11 54 12 91 13 38 14 83 15 42 16 34 17 62 18 95 19 8 20 15 
1 55 2 53 3 91 4 65 5 96 6 26 7 9 8 78 9 10 10 47 11 88 12 62 13 58 14 86 15 87 16 51 17 99 18 84 19 65 20 26 
1 57 2 10 3 16 4 11 5 42 6 2 7 95 8 39 9 58 10 48 11 7 12 27 13 94 14 65 15 25 16 61 17 33 18 35 19 2 20 30 
1 22 2 13 3 97 4 98 5 24 6 89 7 92 8 70 9 28 10 67 11 30 12 91 13 33 14 64 15 66 16 40 17 33 18 79 19 93 20 37 
1 47 2 30 3 87 4 45 5 43 6 80 7 61 8 55 9 55 10 22 11 68 12 38 13 46 14 72 15 15 16 46 17 20 18 15 19 56 20 94 
1 69 2 19 3 44 4 55 5 14 6 61 7 59 8 73 9 25 10 45 11 85 12 62 13 62 14 38 15 25 16 27 17 19 18 46 19 70 20 75 
1 12 2 74 3 92 4 68 5 7 6 61 7 19 8 13 9 16 10 39 11 87 12 82 13 91 14 12 15 98 16 9 17 41 18 78 19 32 20 27 
1 8 2 68 3 4 4 7 5 61 6 99 7 22 8 53 9 75 10 52 11 28 12 36 13 6 14 30 15 57 16 20 17 21 18 45 19 14 20 64 
1 94 2 59 3 4 4 19 5 93 6 78 7 5 8 73 9 5 10 2 11 77 12 50 13 12 14 63 15 1 16 57 17 74 18 84 19 22 20 27 
1 30 2 4 3 26 4 59 5 96 6 42 7 46 8 43 9 30 10 4 11 77 12 25 13 46 14 28 15 97 16 58 17 10 18 41 19 99 20 18 
1 45 2 40 3 75 4 55 5 24 6 69 7 61 8 36 9 97 10 28 11 55 12 94 13 71 14 85 15 91 16 91 17 72 18 89 19 88 20 13 
1 47 2 33 3 11 4 72 5 37 6 89 7 65 8 5 9 84 10 91 11 72 12 75 13 24 14 48 15 76 16 3 17 2 18 53 19 46 20 44 
1 54 2 48 3 12 4 69 5 36 6 66 7 35 8 97 9 58 10 43 11 48 12 89 13 6 14 45 15 13 16 33 17 63 18 73 19 16 20 54 
1 8 2 33 3 35 4 59 5 80 6 28 7 46 8 11 9 13 10 69 11 85 12 7 13 61 14 95 15 97 16 84 17 56 18 43 19 44 20 80 
1 42 2 13 3 2 4 26 5 63 6 5 7 73 8 43 9 61 10 72 11 70 12 97 13 50 14 73 15 91 16 76 17 40 18 24 19 48 20 45 
1 66 2 62 3 56 4 80 5 51 6 71 7 24 8 61 9 23 10 31 11 82 12 73 13 84 14 61 15 51 16 41 17 98 18 86 19 38 20 92 
1 64 2 25 3 77 4 40 5 4 6 45 7 66 8 89 9 26 10 81 11 36 12 25 13 95 14 6 15 15 16 34 17 91 18 74 19 12 20 10 
1 54 2 17 3 9 4 21 5 29 6 2 7 28 8 22 9 34 10 74 11 78 12 37 13 42 14 61 15 15 16 63 17 25 18 5 19 56 20 1 
1 99 2 44 3 40 4 55 5 30 6 2 7 91 8 84 9 71 10 67 11 36 12 33 13 18 14 47 15 34 16 35 17 77 18 73 19 27 20 9 
1 40 2 88 3 62 4 75 5 4 6 28 7 43 8 3 9 63 10 43 11 91 12 18 13 31 14 41 15 51 16 54 17 65 18 62 19 77 20 43 
1 26 2 87 3 80 4 54 5 14 6 72 7 61 8 45 9 44 10 81 11 54 12 15 13 36 14 16 15 62 16 33 17 4 18 66 19 11 20 69 
1 4 2 93 3 8 4 60 5 51 6 69 7 81 8 56 9 38 10 62 11 39 12 73 13 47 14 16 15 64 16 10 17 80 18 63 19 82 20 79 
1 58 2 57 3 88 4 75 5 33 6 53 7 51 8 28 9 56 10 52 11 8 12 95 13 23 14 41 15 46 16 50 17 96 18 68 19 12 20 42 
1 46 2 39 3 20 4 31 5 22 6 27 7 29 8 76 9 39 10 11 11 46 12 20 13 78 14 96 15 45 16 79 17 34 18 25 19 53 20 33 
1 88 2 77 3 5 4 72 5 34 6 25 7 74 8 70 9 88 10 32 11 17 12 86 13 14 14 16 15 35 16 44 17 70 18 46 19 10 20 82 
1 22 2 65 3 41 4 26 5 85 6 45 7 88 8 32 9 32 10 73 11 76 12 1 13 35 14 89 15 64 16 71 17 48 18 67 19 58 20 71 
1 27 2 13 3 33 4 14 5 60 6 85 7 24 8 30 9 12 10 49 11 47 12 19 13 17 14 91 15 45 16 99 17 36 18 60 19 29 20 50 
1 98 2 23 3 45 4 94 5 55 6 97 7 4 8 5 9 29 10 51 11 12 12 67 13 58 14 75 15 31 16 18 17 39 18 23 19 25 20 12 
1 90 2 94 3 98 4 55 5 7 6 48 7 55 8 13 9 61 10 54 11 78 12 48 13 88 14 7 15 27 16 80 17 19 18 42 19 16 20 59 
1 27 2 24 3 69 4 98 5 50 6 62 7 40 8 89 9 62 10 30 11 76 12 80 13 30 14 53 15 70 16 90 17 82 18 40 19 11 20 82 
1 47 2 74 3 85 4 34 5 41 6 27 7 63 8 21 9 37 10 22 11 62 12 86 13 33 14 84 15 17 16 65 17 20 18 39 19 9 20 90 
1 59 2 45 3 69 4 88 5 64 6 19 7 85 8 65 9 5 10 73 11 75 12 90 13 13 14 43 15 16 16 2 17 27 18 52 19 45 20 78 
1 83 2 99 3 71 4 54 5 60 6 67 7 37 8 57 9 63 10 52 11 49 12 81 13 39 14 37 15 30 16 23 17 77 18 74 19 24 20 16 
1 45 2 31 3 72 4 29 5 1 6 56 7 36 8 29 9 18 10 53 11 19 12 46 13 83 14 96 15 78 16 86 17 12 18 8 19 96 20 1 
1 85 2 59 3 84 4 65 5 30 6 35 7 83 8 5 9 18 10 54 11 1 12 26 13 5 14 11 15 96 16 44 17 53 18 32 19 21 20 29 
1 70 2 53 3 2 4 71 5 99 6 27 7 93 8 5 9 37 10 61 11 45 12 23 13 84 14 95 15 76 16 36 17 18 18 2 19 32 20 77 
1 19 2 40 3 53 4 80 5 87 6 11 7 40 8 50 9 55 10 16 11 32 12 68 13 51 14 5 15 70 16 88 17 4 18 66 19 94 20 74 
1 68 2 55 3 8 4 96 5 68 6 86 7 48 8 35 9 89 10 71 11 63 12 95 13 51 14 97 15 82 16 65 17 38 18 81 19 7 20 41 
1 4 2 69 3 4 4 12 5 33 6 68 7 52 8 2 9 48 10 25 11 99 12 33 13 1 14 17 15 91 16 30 17 10 18 2 19 50 20 61 
1 33 2 53 3 67 4 48 5 17 6 85 7 85 8 41 9 5 10 22 11 28 12 87 13 42 14 44 15 27 16 8 17 36 18 51 19 36 20 79 
1 79 2 95 3 26 4 55 5 67 6 88 7 59 8 21 9 73 10 82 11 81 12 3 13 54 14 59 15 99 16 81 17 97 18 76 19 49 20 88 
1 52 2 59 3 46 4 20 5 57 6 29 7 85 8 85 9 26 10 62 11 74 12 74 13 60 14 63 15 74 16 75 17 57 18 85 19 40 20 16 
1 1 2 85 3 25 4 19 5 87 6 86 7 9 8 57 9 14 10 94 11 26 12 15 13 16 14 5 15 60 16 91 17 71 18 32 19 33 20 78 
1 50 2 83 3 9 4 6 5 3 6 80 7 99 8 35 9 88 10 82 11 97 12 86 13 53 14 32 15 23 16 84 17 98 18 4 19 70 20 65 
1 62 2 27 3 35 4 25 5 75 6 50 7 78 8 86 9 26 10 12 11 50 12 19 13 64 14 88 15 85 16 11 17 93 18 76 19 88 20 27 
1 93 2 96 3 75 4 95 5 96 6 36 7 2 8 66 9 73 10 32 11 90 12 48 13 50 14 94 15 8 16 84 17 65 18 62 19 80 20 97 
1 67 2 1 3 89 4 47 5 14 6 23 7 66 8 17 9 65 10 69 11 88 12 62 13 98 14 48 15 37 16 46 17 99 18 84 19 10 20 48 
1 94 2 34 3 49 4 33 5 31 6 72 7 2 8 99 9 21 10 99 11 5 12 75 13 89 14 11 15 66 16 90 17 83 18 58 19 18 20 77 
1 82 2 92 3 75 4 23 5 35 6 53 7 60 8 71 9 14 10 69 11 41 12 67 13 17 14 14 15 6 16 65 17 42 18 97 19 87 20 63 
1 95 2 27 3 35 4 21 5 60 6 27 7 45 8 35 9 89 10 99 11 15 12 69 13 19 14 69 15 92 16 41 17 4 18 93 19 33 20 92 
1 51 2 68 3 18 4 18 5 32 6 44 7 97 8 95 9 83 10 81 11 57 12 23 13 63 14 2 15 76 16 37 17 77 18 55 19 88 20 38 
1 3 2 86 3 31 4 34 5 35 6 6 7 88 8 60 9 89 10 17 11 82 12 27 13 36 14 31 15 77 16 22 17 73 18 38 19 54 20 5 
1 58 2 53 3 13 4 66 5 26 6 85 7 65 8 42 9 22 10 17 11 45 12 92 13 47 14 97 15 58 16 54 17 37 18 63 19 28 20 41 
1 36 2 62 3 51 4 44 5 47 6 70 7 51 8 2 9 23 10 97 11 88 12 85 13 41 14 97 15 83 16 55 17 53 18 68 19 52 20 56 
1 78 2 79 3 51 4 95 5 44 6 48 7 42 8 35 9 12 10 73 11 92 12 76 13 18 14 93 15 82 16 11 17 21 18 62 19 59 20 32 
1 46 2 94 3 72 4 38 5 92 6 45 7 47 8 35 9 1 10 95 11 38 12 34 13 78 14 29 15 15 16 1 17 52 18 24 19 63 20 77 
1 75 2 71 3 5 4 50 5 19 6 86 7 9 8 40 9 59 10 6 11 81 12 80 13 51 14 37 15 22 16 29 17 58 18 61 19 25 20 5 
1 37 2 71 3 78 4 42 5 86 6 70 7 19 8 27 9 12 10 89 11 99 12 65 13 90 14 75 15 36 16 74 17 91 18 8 19 44 20 56 
1 72 2 53 3 23 4 19 5 6 6 37 7 59 8 42 9 90 10 31 11 74 12 82 13 70 14 90 15 48 16 89 17 9 18 22 19 82 20 7 
1 15 2 77 3 76 4 38 5 68 6 7 7 97 8 54 9 8 10 16 11 83 12 86 13 17 14 98 15 24 16 60 17 14 18 50 19 75 20 79 
1 25 2 87 3 38 4 11 5 44 6 25 7 39 8 94 9 50 10 4 11 53 12 69 13 8 14 50 15 73 16 60 17 32 18 82 19 18 20 14 
1 79 2 29 3 91 4 51 5 72 6 52 7 49 8 12 9 62 10 55 11 83 12 33 13 44 14 50 15 2 16 25 17 28 18 94 19 57 20 46 
1 74 2 44 3 40 4 63 5 11 6 38 7 51 8 38 9 35 10 91 11 66 12 22 13 79 14 12 15 20 16 96 17 65 18 56 19 11 20 16 
1 29 2 30 3 8 4 3 5 40 6 80 7 8 8 16 9 29 10 2 11 45 12 18 13 87 14 37 15 22 16 10 17 56 18 85 19 76 20 47 
1 95 2 53 3 44 4 45 5 45 6 19 7 89 8 92 9 63 10 66 11 97 12 22 13 5 14 80 15 38 16 8 17 78 18 97 19 79 20 35 
1 6 2 95 3 98 4 49 5 63 6 9 7 80 8 51 9 78 10 13 11 34 12 98 13 81 14 85 15 26 16 83 17 9 18 12 19 20 20 7 
1 49 2 4 3 52 4 71 5 78 6 33 7 33 8 38 9 1 10 72 11 71 12 66 13 45 14 80 15 54 16 35 17 18 18 81 19 89 20 35 
1 62 2 91 3 48 4 74 5 7 6 80 7 28 8 96 9 71 10 5 11 93 12 86 13 81 14 88 15 3 16 72 17 23 18 33 19 65 20 66 
1 8 2 32 3 51 4 60 5 84 6 36 7 82 8 75 9 43 10 98 11 5 12 88 13 81 14 33 15 72 16 87 17 9 18 8 19 16 20 80 
1 3 2 8 3 50 4 59 5 37 6 71 7 4 8 38 9 66 10 97 11 70 12 4 13 93 14 57 15 38 16 12 17 74 18 78 19 93 20 40 
1 75 2 40 3 54 4 56 5 59 6 18 7 53 8 25 9 7 10 6 11 5 12 72 13 28 14 74 15 13 16 18 17 89 18 62 19 73 20 77 
1 96 2 63 3 60 4 8 5 14 6 68 7 86 8 18 9 56 10 20 11 55 12 63 13 53 14 38 15 31 16 71 17 75 18 50 19 8 20 49 
1 99 2 72 3 18 4 19 5 48 6 63 7 54 8 51 9 49 10 64 11 70 12 45 13 63 14 87 15 13 16 36 17 16 18 24 19 52 20 87 
1 1 2 34 3 1 4 39 5 56 6 55 7 70 8 47 9 41 10 28 11 16 12 65 13 34 14 56 15 67 16 54 17 55 18 25 19 34 20 19 
1 67 2 85 3 98 4 95 5 70 6 95 7 84 8 20 9 42 10 4 11 22 12 84 13 22 14 66 15 7 16 81 17 91 18 89 19 34 20 26 
1 43 2 42 3 4 4 31 5 25 6 28 7 95 8 76 9 44 10 99 11 89 12 47 13 12 14 88 15 17 16 35 17 71 18 13 19 52 20 88 
1 21 2 45 3 74 4 36 5 26 6 81 7 72 8 97 9 97 10 25 11 90 12 97 13 13 14 62 15 6 16 98 17 14 18 76 19 50 20 86 
1 65 2 45 3 81 4 66 5 48 6 49 7 40 8 61 9 97 10 82 11 56 12 68 13 59 14 67 15 35 16 49 17 46 18 3 19 59 20 21 
1 74 2 48 3 84 4 7 5 72 6 4 7 70 8 21 9 83 10 55 11 62 12 15 13 65 14 63 15 51 16 78 17 33 18 25 19 31 20 17 
1 76 2 99 3 43 4 72 5 7 6 53 7 86 8 78 9 34 10 81 11 11 12 86 13 46 14 82 15 69 16 13 17 80 18 12 19 2 20 80 
1 74 2 69 3 35 4 32 5 34 6 79 7 67 8 23 9 98 10 74 11 32 12 33 13 44 14 81 15 66 16 67 17 55 18 76 19 17 20 18 
Reldue
-1 4653 -1 9
-1 5437 -1 10
-1 5941 -1 5
-1 5285 -1 3
-1 4260 -1 7
-1 3759 -1 8
-1 3886 -1 2
-1 3511 -1 4
-1 4453 -1 1
-1 5663 -1 5
-1 3723 -1 4
-1 4717 -1 9
-1 3127 -1 9
-1 5715 -1 2
-1 3852 -1 4
-1 6014 -1 10
-1 5004 -1 5
-1 3133 -1 6
-1 3158 -1 6
-1 2924 -1 3
-1 5008 -1 1
-1 3501 -1 5
-1 4985 -1 3
-1 5335 -1 8
-1 4765 -1 1
-1 4438 -1 5
-1 3354 -1 5
-1 3819 -1 9
-1 5969 -1 4
-1 2903 -1 9
-1 3071 -1 9
-1 5715 -1 4
-1 3813 -1 6
-1 5536 -1 6
-1 5812 -1 6
-1 6008 -1 5
-1 4589 -1 2
-1 5301 -1 1
-1 4189 -1 5
-1 4481 -1 4
-1 5736 -1 9
-1 3292 -1 6
-1 2929 -1 3
-1 3856 -1 9
-1 4833 -1 10
-1 3492 -1 4
-1 3825 -1 7
-1 3393 -1 6
-1 4183 -1 1
-1 5703 -1 3
-1 3334 -1 4
-1 3365 -1 4
-1 4046 -1 6
-1 5484 -1 7
-1 5501 -1 5
-1 4742 -1 6
-1 4349 -1 7
-1 4771 -1 10
-1 4938 -1 7
-1 2840 -1 5
-1 3995 -1 7
-1 4914 -1 5
-1 4695 -1 6
-1 4493 -1 5
-1 3584 -1 5
-1 3087 -1 2
-1 4882 -1 8
-1 2989 -1 9
-1 4727 -1 6
-1 4385 -1 4
-1 3996 -1 4
-1 3105 -1 3
-1 5409 -1 6
-1 3212 -1 10
-1 5107 -1 4
-1 5524 -1 1
-1 3062 -1 8
-1 5648 -1 10
-1 6054 -1 9
-1 3880 -1 3
-1 2931 -1 1
-1 4859 -1 10
-1 3124 -1 2
-1 6081 -1 2
-1 4807 -1 5
-1 4955 -1 2
-1 5231 -1 10
-1 3748 -1 2
-1 3099 -1 5
-1 4494 -1 7
-1 5697 -1 3
-1 5008 -1 7
-1 6120 -1 3
-1 3537 -1 1
-1 5547 -1 5
-1 2885 -1 5
-1 3851 -1 9
-1 5952 -1 1
-1 4658 -1 2
-1 5705 -1 4
LB 5579
