100 20
1 48 2 69 3 26 4 68 5 84 6 24 7 93 8 58 9 15 10 24 11 73 12 90 13 43 14 91 15 9 16 40 17 69 18 49 19 8 20 45 
1 1 2 76 3 56 4 7 5 20 6 61 7 45 8 64 9 70 10 57 11 25 12 56 13 54 14 62 15 65 16 35 17 57 18 74 19 79 20 39 
1 5 2 10 3 88 4 68 5 73 6 84 7 49 8 2 9 65 10 17 11 32 12 94 13 45 14 93 15 72 16 24 17 11 18 36 19 65 20 62 
1 8 2 24 3 93 4 97 5 22 6 36 7 98 8 68 9 92 10 98 11 20 12 28 13 5 14 20 15 34 16 31 17 58 18 74 19 94 20 82 
1 32 2 3 3 84 4 51 5 19 6 22 7 68 8 76 9 59 10 48 11 17 12 13 13 94 14 10 15 77 16 68 17 15 18 21 19 54 20 16 
1 60 2 36 3 49 4 5 5 44 6 73 7 91 8 55 9 44 10 88 11 78 12 51 13 40 14 4 15 30 16 13 17 77 18 80 19 30 20 9 
1 55 2 39 3 71 4 22 5 45 6 92 7 8 8 82 9 70 10 53 11 42 12 30 13 27 14 65 15 63 16 87 17 99 18 13 19 7 20 35 
1 60 2 94 3 18 4 6 5 80 6 50 7 55 8 77 9 93 10 55 11 48 12 38 13 74 14 88 15 22 16 5 17 92 18 77 19 76 20 7 
1 98 2 86 3 86 4 31 5 93 6 57 7 52 8 56 9 13 10 77 11 37 12 72 13 86 14 59 15 42 16 16 17 44 18 60 19 83 20 64 
1 29 2 17 3 6 4 36 5 78 6 33 7 88 8 96 9 34 10 46 11 41 12 92 13 15 14 46 15 43 16 97 17 35 18 96 19 56 20 19 
1 10 2 74 3 14 4 86 5 44 6 2 7 32 8 15 9 81 10 49 11 26 12 34 13 86 14 84 15 83 16 65 17 78 18 59 19 11 20 53 
1 28 2 29 3 9 4 98 5 90 6 45 7 52 8 55 9 43 10 93 11 8 12 16 13 1 14 83 15 49 16 65 17 45 18 10 19 47 20 57 
1 99 2 49 3 44 4 6 5 22 6 17 7 12 8 33 9 41 10 37 11 70 12 29 13 94 14 50 15 62 16 53 17 96 18 8 19 93 20 59 
1 51 2 49 3 79 4 48 5 63 6 78 7 84 8 78 9 25 10 68 11 8 12 50 13 33 14 34 15 76 16 92 17 69 18 96 19 62 20 95 
1 79 2 44 3 77 4 17 5 27 6 97 7 98 8 9 9 53 10 95 11 98 12 80 13 23 14 57 15 54 16 35 17 13 18 5 19 45 20 56 
1 21 2 44 3 50 4 19 5 57 6 22 7 51 8 23 9 19 10 70 11 6 12 6 13 71 14 96 15 30 16 17 17 43 18 47 19 69 20 78 
1 67 2 13 3 55 4 89 5 92 6 56 7 17 8 6 9 94 10 74 11 45 12 56 13 40 14 79 15 71 16 63 17 3 18 38 19 87 20 47 
1 10 2 36 3 16 4 21 5 33 6 22 7 71 8 85 9 1 10 85 11 34 12 22 13 67 14 12 15 48 16 12 17 37 18 73 19 44 20 72 
1 54 2 8 3 22 4 20 5 87 6 46 7 51 8 82 9 34 10 9 11 80 12 75 13 19 14 92 15 60 16 82 17 91 18 1 19 73 20 14 
1 25 2 13 3 50 4 99 5 68 6 97 7 91 8 82 9 76 10 2 11 38 12 38 13 55 14 74 15 92 16 84 17 44 18 51 19 85 20 67 
1 9 2 63 3 85 4 58 5 49 6 75 7 33 8 67 9 23 10 68 11 42 12 29 13 54 14 80 15 46 16 74 17 42 18 37 19 41 20 13 
1 99 2 37 3 87 4 70 5 60 6 80 7 4 8 38 9 87 10 47 11 15 12 20 13 51 14 38 15 58 16 88 17 70 18 89 19 12 20 27 
1 35 2 81 3 42 4 84 5 35 6 64 7 75 8 69 9 68 10 5 11 8 12 59 13 3 14 40 15 57 16 75 17 73 18 94 19 5 20 1 
1 53 2 88 3 21 4 94 5 32 6 50 7 23 8 31 9 65 10 35 11 85 12 80 13 21 14 18 15 11 16 1 17 1 18 99 19 36 20 29 
1 42 2 36 3 86 4 46 5 89 6 61 7 87 8 88 9 93 10 12 11 12 12 23 13 29 14 37 15 67 16 94 17 55 18 43 19 9 20 39 
1 91 2 18 3 17 4 72 5 57 6 5 7 47 8 68 9 88 10 47 11 29 12 45 13 37 14 32 15 49 16 41 17 22 18 60 19 65 20 29 
1 8 2 44 3 91 4 6 5 77 6 66 7 86 8 90 9 53 10 90 11 22 12 38 13 26 14 69 15 30 16 23 17 33 18 64 19 87 20 99 
1 11 2 78 3 36 4 34 5 39 6 81 7 69 8 24 9 1 10 83 11 74 12 7 13 18 14 3 15 15 16 47 17 67 18 32 19 9 20 78 
1 93 2 42 3 27 4 19 5 85 6 24 7 56 8 29 9 93 10 80 11 46 12 98 13 65 14 2 15 25 16 59 17 37 18 43 19 48 20 87 
1 44 2 2 3 85 4 73 5 88 6 47 7 52 8 28 9 36 10 79 11 23 12 90 13 62 14 56 15 26 16 31 17 77 18 58 19 47 20 88 
1 60 2 89 3 87 4 28 5 3 6 51 7 19 8 18 9 53 10 82 11 5 12 90 13 94 14 76 15 96 16 59 17 4 18 31 19 78 20 70 
1 63 2 1 3 80 4 61 5 45 6 14 7 97 8 56 9 97 10 55 11 76 12 66 13 97 14 7 15 49 16 4 17 39 18 56 19 95 20 5 
1 92 2 31 3 27 4 47 5 56 6 42 7 55 8 27 9 92 10 90 11 64 12 67 13 22 14 85 15 75 16 98 17 38 18 45 19 50 20 83 
1 46 2 82 3 56 4 18 5 99 6 73 7 78 8 63 9 48 10 70 11 23 12 41 13 52 14 83 15 66 16 46 17 54 18 33 19 53 20 72 
1 5 2 30 3 77 4 1 5 3 6 48 7 86 8 23 9 74 10 95 11 87 12 54 13 88 14 44 15 53 16 11 17 9 18 76 19 40 20 57 
1 68 2 72 3 17 4 71 5 8 6 78 7 17 8 3 9 5 10 67 11 30 12 78 13 64 14 25 15 65 16 86 17 91 18 94 19 80 20 5 
1 22 2 28 3 45 4 75 5 28 6 65 7 86 8 26 9 68 10 6 11 1 12 46 13 18 14 75 15 40 16 24 17 67 18 84 19 87 20 77 
1 53 2 25 3 3 4 72 5 93 6 72 7 51 8 61 9 36 10 97 11 26 12 42 13 85 14 59 15 52 16 6 17 55 18 36 19 80 20 41 
1 5 2 28 3 9 4 66 5 21 6 3 7 47 8 78 9 9 10 22 11 12 12 65 13 11 14 34 15 28 16 32 17 12 18 32 19 34 20 10 
1 94 2 79 3 67 4 74 5 76 6 66 7 99 8 64 9 82 10 6 11 60 12 39 13 96 14 51 15 15 16 82 17 87 18 17 19 6 20 40 
1 85 2 3 3 23 4 5 5 98 6 52 7 97 8 89 9 50 10 55 11 11 12 17 13 42 14 97 15 44 16 59 17 20 18 19 19 45 20 83 
1 58 2 1 3 13 4 46 5 22 6 17 7 47 8 92 9 61 10 83 11 16 12 93 13 20 14 75 15 45 16 90 17 65 18 89 19 33 20 40 
1 49 2 79 3 38 4 40 5 15 6 28 7 52 8 3 9 82 10 57 11 2 12 67 13 31 14 74 15 88 16 69 17 46 18 45 19 31 20 81 
1 70 2 53 3 40 4 66 5 91 6 97 7 48 8 78 9 76 10 40 11 12 12 98 13 38 14 55 15 89 16 27 17 85 18 33 19 39 20 52 
1 93 2 83 3 2 4 45 5 75 6 75 7 49 8 3 9 32 10 32 11 50 12 16 13 46 14 7 15 85 16 23 17 9 18 18 19 32 20 72 
1 43 2 74 3 92 4 32 5 59 6 73 7 39 8 50 9 1 10 32 11 24 12 97 13 8 14 1 15 60 16 31 17 92 18 49 19 21 20 65 
1 60 2 3 3 71 4 35 5 50 6 78 7 29 8 5 9 63 10 48 11 21 12 18 13 40 14 87 15 83 16 96 17 88 18 15 19 17 20 18 
1 8 2 62 3 72 4 36 5 65 6 22 7 94 8 31 9 74 10 58 11 46 12 57 13 10 14 2 15 21 16 17 17 16 18 91 19 36 20 67 
1 20 2 70 3 78 4 67 5 97 6 39 7 32 8 12 9 87 10 64 11 65 12 22 13 44 14 2 15 15 16 83 17 56 18 36 19 11 20 99 
1 50 2 7 3 11 4 47 5 58 6 27 7 15 8 8 9 64 10 94 11 31 12 46 13 89 14 45 15 73 16 57 17 90 18 32 19 42 20 89 
1 79 2 58 3 80 4 11 5 34 6 75 7 49 8 92 9 45 10 50 11 30 12 32 13 9 14 73 15 88 16 37 17 53 18 63 19 17 20 6 
1 96 2 43 3 77 4 84 5 68 6 77 7 50 8 62 9 77 10 54 11 35 12 70 13 81 14 36 15 69 16 27 17 46 18 18 19 52 20 41 
1 86 2 69 3 83 4 98 5 4 6 64 7 79 8 4 9 50 10 7 11 87 12 94 13 56 14 72 15 66 16 78 17 54 18 84 19 69 20 58 
1 81 2 37 3 76 4 84 5 73 6 64 7 99 8 80 9 61 10 27 11 4 12 26 13 93 14 3 15 34 16 95 17 64 18 87 19 26 20 42 
1 87 2 8 3 25 4 96 5 62 6 75 7 80 8 59 9 32 10 26 11 87 12 37 13 87 14 96 15 95 16 69 17 70 18 56 19 29 20 37 
1 16 2 81 3 46 4 22 5 3 6 22 7 30 8 5 9 22 10 61 11 46 12 50 13 72 14 21 15 21 16 85 17 79 18 67 19 48 20 9 
1 72 2 23 3 39 4 14 5 14 6 25 7 15 8 81 9 7 10 29 11 51 12 39 13 63 14 5 15 48 16 57 17 43 18 68 19 84 20 76 
1 95 2 37 3 64 4 17 5 67 6 75 7 9 8 41 9 3 10 44 11 32 12 70 13 71 14 73 15 97 16 40 17 20 18 25 19 44 20 61 
1 86 2 49 3 53 4 34 5 94 6 11 7 63 8 59 9 20 10 90 11 22 12 92 13 85 14 24 15 4 16 27 17 23 18 94 19 27 20 95 
1 86 2 74 3 92 4 67 5 88 6 63 7 76 8 19 9 32 10 97 11 80 12 37 13 31 14 16 15 16 16 12 17 74 18 36 19 17 20 50 
1 33 2 13 3 79 4 12 5 64 6 30 7 36 8 83 9 17 10 46 11 22 12 90 13 35 14 53 15 75 16 92 17 54 18 18 19 72 20 23 
1 48 2 92 3 4 4 78 5 74 6 90 7 15 8 78 9 42 10 73 11 85 12 31 13 21 14 81 15 97 16 90 17 68 18 86 19 6 20 56 
1 98 2 9 3 94 4 14 5 49 6 40 7 49 8 30 9 98 10 13 11 58 12 41 13 12 14 66 15 86 16 92 17 42 18 93 19 98 20 2 
1 13 2 90 3 7 4 48 5 11 6 55 7 26 8 84 9 87 10 82 11 49 12 39 13 55 14 94 15 97 16 71 17 81 18 57 19 78 20 15 
1 2 2 31 3 82 4 99 5 98 6 60 7 65 8 84 9 29 10 6 11 21 12 84 13 41 14 66 15 59 16 46 17 80 18 16 19 54 20 82 
1 10 2 26 3 34 4 3 5 39 6 1 7 93 8 65 9 9 10 7 11 93 12 93 13 97 14 82 15 86 16 98 17 8 18 5 19 70 20 61 
1 48 2 63 3 31 4 50 5 94 6 98 7 6 8 89 9 62 10 1 11 40 12 17 13 81 14 57 15 77 16 87 17 68 18 85 19 5 20 7 
1 38 2 79 3 7 4 8 5 7 6 48 7 53 8 34 9 47 10 76 11 25 12 49 13 59 14 16 15 80 16 80 17 66 18 8 19 98 20 30 
1 27 2 28 3 48 4 47 5 53 6 79 7 4 8 28 9 17 10 60 11 77 12 81 13 54 14 72 15 72 16 78 17 76 18 19 19 10 20 45 
1 10 2 3 3 98 4 69 5 3 6 95 7 89 8 70 9 67 10 50 11 73 12 67 13 25 14 89 15 50 16 47 17 39 18 53 19 75 20 90 
1 72 2 24 3 20 4 3 5 74 6 38 7 44 8 86 9 54 10 48 11 9 12 32 13 28 14 67 15 86 16 89 17 68 18 55 19 23 20 30 
1 42 2 36 3 26 4 31 5 9 6 23 7 71 8 70 9 62 10 88 11 33 12 44 13 46 14 96 15 61 16 43 17 5 18 81 19 3 20 70 
1 48 2 56 3 23 4 94 5 25 6 85 7 85 8 49 9 83 10 66 11 79 12 62 13 89 14 70 15 33 16 69 17 21 18 64 19 32 20 49 
1 33 2 94 3 75 4 50 5 53 6 28 7 24 8 11 9 82 10 86 11 39 12 9 13 11 14 4 15 58 16 31 17 56 18 67 19 1 20 50 
1 38 2 86 3 34 4 88 5 6 6 20 7 3 8 27 9 6 10 55 11 12 12 62 13 48 14 39 15 98 16 47 17 21 18 4 19 57 20 69 
1 62 2 7 3 24 4 80 5 49 6 94 7 37 8 8 9 48 10 7 11 12 12 70 13 89 14 30 15 75 16 62 17 30 18 52 19 43 20 53 
1 55 2 90 3 75 4 23 5 17 6 81 7 99 8 81 9 77 10 68 11 51 12 27 13 93 14 62 15 38 16 90 17 87 18 9 19 66 20 32 
1 42 2 47 3 31 4 93 5 5 6 57 7 49 8 92 9 58 10 50 11 91 12 10 13 27 14 30 15 53 16 20 17 69 18 93 19 42 20 80 
1 93 2 16 3 25 4 30 5 2 6 59 7 20 8 47 9 97 10 83 11 68 12 33 13 89 14 1 15 57 16 80 17 25 18 99 19 75 20 88 
1 35 2 21 3 56 4 53 5 68 6 14 7 91 8 33 9 16 10 66 11 33 12 2 13 87 14 62 15 2 16 86 17 15 18 9 19 93 20 20 
1 4 2 74 3 91 4 24 5 44 6 66 7 48 8 24 9 56 10 92 11 60 12 83 13 28 14 11 15 32 16 57 17 85 18 4 19 53 20 40 
1 91 2 55 3 97 4 54 5 78 6 8 7 27 8 60 9 47 10 62 11 89 12 92 13 49 14 18 15 30 16 30 17 22 18 76 19 99 20 56 
1 48 2 71 3 70 4 74 5 11 6 78 7 55 8 66 9 36 10 6 11 5 12 12 13 63 14 51 15 49 16 19 17 10 18 5 19 28 20 62 
1 49 2 26 3 3 4 42 5 17 6 60 7 66 8 45 9 99 10 31 11 70 12 47 13 39 14 91 15 76 16 68 17 59 18 34 19 59 20 64 
1 89 2 53 3 15 4 53 5 50 6 82 7 33 8 66 9 37 10 64 11 49 12 25 13 26 14 21 15 22 16 86 17 15 18 27 19 78 20 93 
1 54 2 1 3 12 4 50 5 66 6 9 7 42 8 90 9 75 10 89 11 97 12 70 13 75 14 5 15 65 16 83 17 25 18 1 19 65 20 62 
1 26 2 74 3 38 4 27 5 45 6 64 7 52 8 64 9 99 10 10 11 20 12 38 13 17 14 60 15 22 16 95 17 56 18 70 19 28 20 56 
1 6 2 14 3 4 4 20 5 10 6 11 7 44 8 26 9 72 10 61 11 3 12 93 13 40 14 60 15 13 16 17 17 31 18 91 19 51 20 9 
1 19 2 99 3 81 4 88 5 24 6 4 7 48 8 86 9 59 10 50 11 93 12 18 13 50 14 21 15 42 16 46 17 6 18 52 19 20 20 97 
1 35 2 48 3 51 4 29 5 79 6 11 7 69 8 72 9 42 10 57 11 1 12 26 13 67 14 82 15 93 16 93 17 82 18 27 19 26 20 27 
1 83 2 67 3 1 4 55 5 51 6 61 7 17 8 55 9 1 10 89 11 83 12 17 13 1 14 63 15 7 16 49 17 63 18 31 19 20 20 8 
1 55 2 43 3 93 4 60 5 92 6 80 7 76 8 96 9 39 10 26 11 36 12 23 13 18 14 4 15 26 16 71 17 7 18 71 19 55 20 77 
1 61 2 49 3 94 4 87 5 86 6 55 7 62 8 75 9 75 10 68 11 82 12 86 13 32 14 58 15 62 16 53 17 59 18 26 19 14 20 10 
1 17 2 74 3 84 4 78 5 34 6 95 7 18 8 11 9 22 10 1 11 9 12 36 13 34 14 55 15 91 16 99 17 83 18 19 19 20 20 44 
1 37 2 89 3 96 4 56 5 65 6 16 7 99 8 6 9 41 10 41 11 30 12 11 13 94 14 37 15 95 16 31 17 75 18 4 19 46 20 52 
1 46 2 27 3 70 4 82 5 63 6 29 7 69 8 30 9 1 10 87 11 39 12 82 13 67 14 66 15 41 16 2 17 5 18 21 19 96 20 89 
1 66 2 51 3 72 4 90 5 7 6 47 7 5 8 65 9 31 10 19 11 1 12 76 13 85 14 40 15 92 16 48 17 98 18 3 19 31 20 63 
1 36 2 96 3 69 4 73 5 20 6 2 7 95 8 69 9 7 10 95 11 72 12 28 13 91 14 74 15 93 16 41 17 43 18 39 19 9 20 75 
1 95 2 52 3 22 4 96 5 26 6 70 7 95 8 46 9 32 10 55 11 93 12 84 13 57 14 35 15 30 16 61 17 24 18 88 19 24 20 42 
1 67 2 83 3 14 4 7 5 9 6 81 7 71 8 27 9 62 10 89 11 38 12 77 13 66 14 9 15 9 16 39 17 42 18 70 19 46 20 97 
Reldue
-1 3173 -1 6
-1 3159 -1 1
-1 3898 -1 3
-1 4915 -1 10
-1 3530 -1 4
-1 5139 -1 1
-1 4420 -1 9
-1 5460 -1 3
-1 5941 -1 2
-1 3599 -1 1
-1 5074 -1 10
-1 3350 -1 5
-1 4608 -1 2
-1 3457 -1 1
-1 3014 -1 9
-1 2908 -1 2
-1 4703 -1 1
-1 5122 -1 8
-1 4098 -1 3
-1 3190 -1 2
-1 5124 -1 7
-1 3937 -1 7
-1 4378 -1 4
-1 4500 -1 3
-1 4783 -1 7
-1 3986 -1 3
-1 5601 -1 8
-1 4240 -1 4
-1 5044 -1 7
-1 3242 -1 1
-1 3133 -1 8
-1 4655 -1 7
-1 6044 -1 1
-1 5821 -1 10
-1 2849 -1 10
-1 5044 -1 9
-1 4013 -1 3
-1 3266 -1 10
-1 6011 -1 10
-1 5950 -1 1
-1 5314 -1 1
-1 5427 -1 7
-1 3467 -1 6
-1 3496 -1 7
-1 5847 -1 2
-1 5928 -1 9
-1 4694 -1 6
-1 5094 -1 8
-1 4105 -1 4
-1 3938 -1 9
-1 4472 -1 8
-1 3741 -1 6
-1 2908 -1 1
-1 3865 -1 10
-1 4321 -1 7
-1 4860 -1 9
-1 5001 -1 9
-1 4802 -1 9
-1 5902 -1 3
-1 5502 -1 4
-1 5320 -1 8
-1 4470 -1 10
-1 3344 -1 10
-1 3073 -1 9
-1 3557 -1 6
-1 3227 -1 3
-1 4544 -1 3
-1 5051 -1 1
-1 5680 -1 5
-1 5808 -1 7
-1 2820 -1 1
-1 3453 -1 7
-1 3388 -1 3
-1 3071 -1 2
-1 4940 -1 4
-1 4416 -1 2
-1 3624 -1 2
-1 3720 -1 10
-1 2895 -1 10
-1 3262 -1 7
-1 3967 -1 6
-1 3701 -1 3
-1 4285 -1 9
-1 2798 -1 7
-1 5244 -1 2
-1 3575 -1 1
-1 4742 -1 7
-1 3059 -1 8
-1 6012 -1 10
-1 3812 -1 6
-1 5300 -1 10
-1 4079 -1 9
-1 6026 -1 9
-1 5168 -1 5
-1 4294 -1 2
-1 5193 -1 8
-1 5207 -1 5
-1 2786 -1 10
-1 4789 -1 8
-1 5893 -1 10
LB 5530
