100 20
1 74 2 80 3 57 4 5 5 49 6 36 7 61 8 99 9 75 10 73 11 64 12 45 13 62 14 49 15 85 16 60 17 21 18 77 19 57 20 42 
1 6 2 19 3 71 4 51 5 57 6 99 7 49 8 54 9 6 10 81 11 36 12 92 13 34 14 13 15 83 16 16 17 7 18 85 19 91 20 29 
1 10 2 81 3 1 4 6 5 70 6 58 7 5 8 77 9 31 10 31 11 77 12 26 13 33 14 91 15 33 16 64 17 26 18 80 19 54 20 67 
1 72 2 34 3 9 4 59 5 51 6 95 7 25 8 26 9 65 10 26 11 93 12 79 13 48 14 40 15 6 16 44 17 19 18 40 19 97 20 5 
1 35 2 51 3 97 4 58 5 17 6 2 7 52 8 2 9 28 10 34 11 33 12 32 13 67 14 87 15 75 16 94 17 90 18 82 19 68 20 2 
1 66 2 80 3 34 4 50 5 34 6 12 7 12 8 78 9 56 10 37 11 87 12 82 13 74 14 30 15 4 16 95 17 39 18 47 19 93 20 25 
1 66 2 42 3 2 4 93 5 81 6 62 7 26 8 36 9 11 10 74 11 69 12 29 13 17 14 35 15 42 16 1 17 57 18 31 19 79 20 2 
1 79 2 66 3 37 4 62 5 54 6 1 7 4 8 8 9 33 10 89 11 54 12 95 13 11 14 94 15 24 16 44 17 40 18 95 19 13 20 36 
1 99 2 83 3 91 4 32 5 49 6 80 7 90 8 19 9 15 10 4 11 27 12 45 13 13 14 66 15 70 16 55 17 75 18 50 19 4 20 23 
1 6 2 12 3 20 4 99 5 40 6 12 7 1 8 70 9 44 10 66 11 91 12 86 13 81 14 14 15 80 16 43 17 24 18 3 19 80 20 76 
1 29 2 50 3 84 4 83 5 88 6 91 7 81 8 79 9 8 10 98 11 46 12 11 13 32 14 23 15 65 16 18 17 2 18 70 19 55 20 87 
1 22 2 75 3 12 4 16 5 78 6 84 7 40 8 74 9 33 10 19 11 68 12 68 13 74 14 63 15 26 16 55 17 57 18 47 19 27 20 67 
1 2 2 89 3 76 4 86 5 31 6 76 7 55 8 39 9 34 10 99 11 76 12 6 13 2 14 57 15 72 16 99 17 78 18 21 19 78 20 93 
1 4 2 57 3 41 4 65 5 80 6 38 7 55 8 61 9 4 10 29 11 74 12 48 13 18 14 45 15 71 16 2 17 50 18 31 19 39 20 84 
1 47 2 87 3 98 4 50 5 23 6 77 7 88 8 54 9 72 10 45 11 19 12 61 13 58 14 30 15 96 16 27 17 22 18 59 19 24 20 54 
1 35 2 20 3 77 4 70 5 88 6 6 7 81 8 34 9 33 10 92 11 16 12 50 13 99 14 55 15 28 16 36 17 94 18 36 19 5 20 11 
1 25 2 25 3 64 4 57 5 78 6 3 7 7 8 54 9 89 10 64 11 82 12 91 13 93 14 45 15 69 16 23 17 8 18 43 19 32 20 95 
1 15 2 49 3 46 4 8 5 95 6 89 7 94 8 90 9 81 10 19 11 13 12 25 13 27 14 68 15 49 16 30 17 74 18 11 19 2 20 18 
1 60 2 93 3 90 4 39 5 30 6 33 7 63 8 8 9 50 10 1 11 90 12 61 13 87 14 73 15 37 16 75 17 77 18 32 19 30 20 27 
1 12 2 30 3 70 4 60 5 7 6 64 7 24 8 48 9 51 10 40 11 16 12 11 13 85 14 73 15 94 16 19 17 6 18 56 19 83 20 9 
1 79 2 84 3 1 4 8 5 27 6 91 7 45 8 81 9 33 10 86 11 65 12 34 13 85 14 85 15 3 16 79 17 80 18 66 19 23 20 4 
1 48 2 1 3 97 4 88 5 25 6 69 7 70 8 31 9 86 10 52 11 70 12 65 13 7 14 48 15 63 16 14 17 27 18 79 19 10 20 85 
1 48 2 3 3 16 4 52 5 44 6 82 7 42 8 46 9 75 10 16 11 74 12 3 13 37 14 41 15 4 16 25 17 16 18 25 19 92 20 49 
1 86 2 22 3 59 4 51 5 10 6 6 7 23 8 30 9 94 10 77 11 11 12 67 13 5 14 99 15 26 16 7 17 61 18 41 19 31 20 14 
1 49 2 76 3 48 4 47 5 60 6 88 7 72 8 94 9 71 10 59 11 26 12 89 13 83 14 8 15 32 16 30 17 70 18 47 19 34 20 6 
1 50 2 99 3 35 4 45 5 9 6 74 7 98 8 83 9 62 10 58 11 48 12 52 13 77 14 73 15 54 16 92 17 9 18 53 19 10 20 32 
1 6 2 21 3 57 4 95 5 69 6 38 7 34 8 98 9 10 10 61 11 94 12 31 13 11 14 25 15 75 16 49 17 86 18 44 19 28 20 38 
1 26 2 87 3 54 4 94 5 34 6 41 7 86 8 45 9 52 10 18 11 87 12 15 13 36 14 60 15 61 16 95 17 77 18 32 19 75 20 24 
1 42 2 6 3 36 4 48 5 30 6 87 7 29 8 96 9 76 10 33 11 32 12 90 13 59 14 34 15 28 16 87 17 68 18 58 19 96 20 96 
1 93 2 10 3 80 4 92 5 60 6 26 7 41 8 8 9 23 10 97 11 67 12 12 13 42 14 32 15 7 16 83 17 26 18 12 19 52 20 90 
1 51 2 51 3 14 4 59 5 64 6 6 7 23 8 41 9 79 10 36 11 44 12 56 13 2 14 78 15 46 16 64 17 65 18 27 19 41 20 86 
1 54 2 19 3 81 4 56 5 99 6 81 7 5 8 84 9 30 10 21 11 56 12 41 13 36 14 40 15 14 16 31 17 97 18 19 19 38 20 7 
1 3 2 84 3 51 4 32 5 47 6 35 7 93 8 93 9 13 10 14 11 81 12 16 13 48 14 16 15 17 16 92 17 13 18 41 19 34 20 40 
1 62 2 7 3 14 4 3 5 9 6 24 7 87 8 98 9 51 10 74 11 84 12 97 13 1 14 62 15 43 16 69 17 13 18 73 19 15 20 46 
1 58 2 85 3 84 4 53 5 21 6 33 7 83 8 21 9 39 10 28 11 87 12 33 13 43 14 11 15 3 16 89 17 60 18 47 19 34 20 58 
1 90 2 84 3 58 4 24 5 41 6 77 7 66 8 98 9 51 10 79 11 76 12 27 13 11 14 61 15 9 16 29 17 49 18 70 19 13 20 85 
1 46 2 82 3 9 4 29 5 12 6 8 7 3 8 3 9 25 10 73 11 63 12 49 13 40 14 64 15 74 16 81 17 85 18 25 19 86 20 11 
1 17 2 75 3 41 4 77 5 10 6 80 7 75 8 74 9 30 10 10 11 98 12 24 13 34 14 2 15 77 16 39 17 62 18 24 19 51 20 5 
1 48 2 67 3 28 4 84 5 5 6 11 7 34 8 99 9 79 10 15 11 93 12 61 13 58 14 19 15 4 16 16 17 33 18 79 19 60 20 26 
1 14 2 20 3 57 4 59 5 89 6 97 7 71 8 44 9 92 10 18 11 51 12 3 13 29 14 97 15 90 16 92 17 92 18 51 19 98 20 93 
1 27 2 92 3 25 4 56 5 40 6 85 7 77 8 38 9 63 10 88 11 71 12 14 13 58 14 42 15 92 16 63 17 43 18 14 19 7 20 46 
1 68 2 74 3 8 4 73 5 77 6 61 7 64 8 21 9 5 10 67 11 60 12 81 13 32 14 53 15 8 16 62 17 20 18 10 19 61 20 11 
1 23 2 31 3 98 4 78 5 50 6 62 7 53 8 84 9 22 10 81 11 78 12 7 13 98 14 31 15 60 16 91 17 12 18 49 19 93 20 15 
1 30 2 21 3 52 4 90 5 87 6 96 7 84 8 16 9 78 10 8 11 41 12 38 13 41 14 65 15 83 16 6 17 80 18 32 19 49 20 6 
1 7 2 95 3 58 4 64 5 64 6 27 7 85 8 9 9 48 10 62 11 48 12 79 13 84 14 74 15 36 16 53 17 33 18 92 19 52 20 68 
1 60 2 84 3 64 4 59 5 90 6 8 7 94 8 51 9 74 10 74 11 2 12 90 13 52 14 34 15 48 16 65 17 13 18 80 19 56 20 92 
1 12 2 37 3 11 4 59 5 41 6 36 7 32 8 4 9 93 10 57 11 13 12 53 13 62 14 60 15 13 16 25 17 31 18 9 19 67 20 85 
1 98 2 79 3 24 4 81 5 53 6 37 7 84 8 92 9 34 10 12 11 55 12 41 13 38 14 25 15 11 16 29 17 41 18 57 19 50 20 52 
1 40 2 52 3 80 4 51 5 65 6 51 7 24 8 36 9 8 10 45 11 13 12 37 13 28 14 18 15 94 16 85 17 89 18 87 19 8 20 41 
1 84 2 50 3 33 4 67 5 92 6 66 7 23 8 46 9 83 10 56 11 72 12 9 13 44 14 38 15 39 16 56 17 34 18 8 19 15 20 55 
1 62 2 78 3 56 4 65 5 14 6 40 7 74 8 17 9 78 10 49 11 86 12 36 13 63 14 31 15 12 16 43 17 18 18 65 19 35 20 30 
1 71 2 48 3 87 4 14 5 1 6 1 7 79 8 87 9 8 10 74 11 96 12 69 13 62 14 35 15 31 16 91 17 83 18 43 19 94 20 41 
1 11 2 21 3 20 4 63 5 16 6 2 7 49 8 34 9 88 10 79 11 77 12 83 13 62 14 62 15 22 16 35 17 79 18 48 19 38 20 67 
1 77 2 40 3 96 4 64 5 42 6 47 7 93 8 80 9 67 10 52 11 45 12 98 13 25 14 99 15 79 16 29 17 99 18 69 19 46 20 35 
1 26 2 6 3 56 4 14 5 83 6 58 7 95 8 80 9 90 10 84 11 78 12 73 13 14 14 8 15 39 16 52 17 18 18 54 19 23 20 61 
1 75 2 67 3 70 4 70 5 68 6 9 7 81 8 66 9 4 10 89 11 64 12 55 13 5 14 67 15 56 16 64 17 76 18 20 19 39 20 12 
1 53 2 23 3 36 4 32 5 75 6 86 7 63 8 29 9 34 10 15 11 18 12 97 13 46 14 2 15 13 16 28 17 90 18 18 19 6 20 19 
1 50 2 72 3 17 4 98 5 15 6 2 7 69 8 77 9 3 10 34 11 86 12 66 13 72 14 32 15 69 16 21 17 81 18 23 19 58 20 17 
1 97 2 69 3 91 4 51 5 32 6 72 7 82 8 58 9 51 10 87 11 15 12 75 13 90 14 26 15 18 16 21 17 4 18 95 19 79 20 85 
1 93 2 64 3 15 4 94 5 45 6 15 7 26 8 31 9 59 10 88 11 48 12 86 13 88 14 37 15 11 16 8 17 75 18 15 19 66 20 34 
1 52 2 58 3 52 4 29 5 60 6 78 7 68 8 88 9 40 10 85 11 23 12 30 13 93 14 61 15 41 16 7 17 77 18 97 19 56 20 98 
1 52 2 71 3 92 4 11 5 58 6 39 7 50 8 10 9 15 10 74 11 1 12 32 13 55 14 52 15 57 16 95 17 88 18 4 19 80 20 64 
1 1 2 17 3 99 4 51 5 84 6 8 7 11 8 8 9 81 10 12 11 43 12 8 13 4 14 43 15 4 16 6 17 83 18 7 19 27 20 6 
1 85 2 91 3 16 4 61 5 71 6 48 7 12 8 55 9 82 10 93 11 92 12 19 13 59 14 50 15 76 16 74 17 2 18 57 19 83 20 33 
1 35 2 21 3 51 4 47 5 28 6 33 7 59 8 83 9 86 10 91 11 57 12 81 13 76 14 56 15 89 16 53 17 44 18 37 19 53 20 5 
1 27 2 7 3 94 4 21 5 9 6 41 7 87 8 42 9 57 10 15 11 85 12 67 13 55 14 74 15 70 16 74 17 34 18 30 19 17 20 22 
1 97 2 78 3 22 4 62 5 98 6 45 7 64 8 98 9 56 10 83 11 37 12 78 13 55 14 8 15 68 16 86 17 48 18 3 19 21 20 64 
1 56 2 73 3 26 4 35 5 32 6 13 7 94 8 80 9 22 10 53 11 1 12 70 13 5 14 96 15 92 16 36 17 71 18 17 19 76 20 95 
1 11 2 66 3 40 4 93 5 80 6 79 7 28 8 21 9 43 10 72 11 70 12 27 13 82 14 25 15 6 16 28 17 83 18 35 19 14 20 90 
1 31 2 70 3 29 4 71 5 55 6 40 7 57 8 63 9 93 10 66 11 31 12 10 13 68 14 3 15 65 16 32 17 46 18 36 19 9 20 98 
1 8 2 59 3 88 4 14 5 77 6 39 7 16 8 20 9 59 10 8 11 84 12 22 13 63 14 38 15 45 16 41 17 22 18 55 19 8 20 96 
1 76 2 7 3 24 4 46 5 19 6 17 7 28 8 50 9 96 10 3 11 8 12 22 13 26 14 96 15 77 16 38 17 70 18 67 19 48 20 96 
1 65 2 13 3 69 4 18 5 91 6 47 7 28 8 98 9 5 10 49 11 92 12 2 13 17 14 6 15 21 16 1 17 85 18 35 19 28 20 74 
1 4 2 75 3 71 4 46 5 32 6 36 7 83 8 46 9 59 10 71 11 71 12 23 13 24 14 14 15 71 16 91 17 99 18 53 19 55 20 3 
1 88 2 92 3 9 4 99 5 82 6 76 7 63 8 73 9 58 10 81 11 50 12 33 13 6 14 27 15 57 16 64 17 75 18 92 19 65 20 65 
1 26 2 34 3 55 4 79 5 16 6 44 7 91 8 19 9 55 10 60 11 36 12 18 13 47 14 88 15 44 16 14 17 8 18 66 19 58 20 73 
1 18 2 7 3 94 4 75 5 99 6 91 7 51 8 58 9 92 10 24 11 7 12 85 13 67 14 97 15 62 16 22 17 66 18 52 19 56 20 46 
1 57 2 41 3 89 4 33 5 23 6 22 7 24 8 65 9 95 10 44 11 72 12 34 13 70 14 86 15 10 16 89 17 34 18 15 19 23 20 65 
1 22 2 49 3 53 4 34 5 82 6 3 7 18 8 92 9 56 10 80 11 13 12 5 13 81 14 49 15 88 16 61 17 41 18 84 19 22 20 57 
1 79 2 23 3 96 4 67 5 51 6 6 7 38 8 41 9 57 10 72 11 76 12 38 13 12 14 84 15 79 16 52 17 15 18 81 19 4 20 9 
1 33 2 43 3 8 4 54 5 12 6 43 7 45 8 57 9 36 10 50 11 83 12 19 13 97 14 9 15 17 16 66 17 77 18 15 19 33 20 92 
1 56 2 6 3 63 4 44 5 70 6 16 7 93 8 99 9 90 10 90 11 1 12 20 13 33 14 20 15 89 16 41 17 19 18 5 19 22 20 75 
1 38 2 53 3 45 4 94 5 91 6 73 7 79 8 68 9 23 10 39 11 21 12 12 13 88 14 88 15 7 16 99 17 92 18 36 19 23 20 79 
1 97 2 21 3 14 4 6 5 3 6 81 7 70 8 32 9 4 10 7 11 97 12 53 13 91 14 70 15 64 16 7 17 25 18 34 19 35 20 75 
1 70 2 9 3 18 4 29 5 76 6 12 7 25 8 86 9 9 10 63 11 90 12 68 13 98 14 4 15 41 16 17 17 68 18 82 19 28 20 99 
1 94 2 87 3 9 4 75 5 38 6 48 7 3 8 64 9 37 10 87 11 22 12 36 13 80 14 11 15 21 16 1 17 10 18 92 19 81 20 35 
1 3 2 32 3 22 4 36 5 53 6 4 7 89 8 82 9 77 10 42 11 70 12 54 13 40 14 34 15 41 16 61 17 23 18 16 19 36 20 30 
1 97 2 29 3 40 4 19 5 32 6 71 7 5 8 1 9 62 10 79 11 22 12 8 13 10 14 35 15 41 16 78 17 53 18 67 19 78 20 93 
1 87 2 49 3 70 4 59 5 39 6 1 7 60 8 61 9 82 10 26 11 34 12 3 13 46 14 74 15 95 16 9 17 79 18 85 19 89 20 32 
1 40 2 11 3 54 4 17 5 61 6 16 7 34 8 14 9 37 10 60 11 88 12 18 13 30 14 4 15 69 16 8 17 4 18 76 19 61 20 44 
1 81 2 73 3 68 4 54 5 10 6 23 7 54 8 6 9 58 10 98 11 26 12 67 13 10 14 71 15 70 16 6 17 47 18 52 19 58 20 52 
1 51 2 95 3 57 4 91 5 70 6 63 7 72 8 34 9 80 10 79 11 11 12 64 13 94 14 21 15 84 16 71 17 12 18 74 19 49 20 39 
1 8 2 31 3 39 4 14 5 33 6 69 7 40 8 66 9 78 10 26 11 85 12 97 13 32 14 16 15 75 16 63 17 19 18 95 19 89 20 80 
1 23 2 79 3 60 4 63 5 41 6 9 7 99 8 54 9 9 10 8 11 43 12 83 13 18 14 2 15 24 16 2 17 48 18 83 19 40 20 59 
1 72 2 41 3 82 4 77 5 78 6 40 7 13 8 72 9 4 10 9 11 71 12 93 13 17 14 67 15 62 16 79 17 48 18 42 19 63 20 48 
1 22 2 83 3 21 4 56 5 30 6 19 7 49 8 96 9 39 10 27 11 58 12 54 13 86 14 82 15 94 16 54 17 65 18 50 19 37 20 36 
1 66 2 7 3 40 4 19 5 95 6 52 7 88 8 72 9 57 10 33 11 10 12 17 13 5 14 72 15 93 16 58 17 79 18 25 19 40 20 32 
1 66 2 31 3 97 4 67 5 88 6 36 7 66 8 57 9 58 10 55 11 2 12 9 13 71 14 30 15 67 16 72 17 19 18 45 19 50 20 31 
1 19 2 16 3 37 4 18 5 86 6 66 7 61 8 25 9 9 10 32 11 5 12 20 13 43 14 98 15 74 16 8 17 32 18 77 19 33 20 2 
1 47 2 70 3 26 4 12 5 60 6 53 7 27 8 97 9 55 10 12 11 9 12 36 13 17 14 34 15 14 16 7 17 64 18 57 19 87 20 30 
Reldue
-1 4677 -1 3
-1 4254 -1 4
-1 3099 -1 6
-1 3310 -1 3
-1 5196 -1 5
-1 5097 -1 1
-1 3754 -1 2
-1 5464 -1 4
-1 3933 -1 6
-1 5491 -1 9
-1 4081 -1 3
-1 2989 -1 4
-1 3242 -1 8
-1 3386 -1 5
-1 4843 -1 3
-1 5430 -1 8
-1 5542 -1 5
-1 4774 -1 7
-1 5108 -1 8
-1 3861 -1 9
-1 5829 -1 4
-1 5325 -1 6
-1 4626 -1 6
-1 5831 -1 1
-1 3725 -1 7
-1 3521 -1 3
-1 4751 -1 5
-1 5273 -1 4
-1 5280 -1 9
-1 4191 -1 3
-1 4556 -1 10
-1 4790 -1 6
-1 4142 -1 10
-1 4891 -1 5
-1 3042 -1 8
-1 2851 -1 9
-1 3245 -1 1
-1 4490 -1 2
-1 3771 -1 2
-1 3490 -1 9
-1 4735 -1 7
-1 4156 -1 4
-1 5532 -1 3
-1 5058 -1 7
-1 5694 -1 1
-1 4650 -1 6
-1 4494 -1 4
-1 4831 -1 2
-1 5288 -1 2
-1 5986 -1 5
-1 5505 -1 10
-1 5083 -1 10
-1 4781 -1 8
-1 6027 -1 9
-1 4993 -1 1
-1 3641 -1 4
-1 5829 -1 3
-1 4723 -1 6
-1 3524 -1 5
-1 5336 -1 3
-1 3487 -1 9
-1 3861 -1 10
-1 2954 -1 9
-1 5884 -1 7
-1 5029 -1 7
-1 5450 -1 8
-1 4258 -1 2
-1 5845 -1 4
-1 4662 -1 1
-1 5481 -1 2
-1 3730 -1 4
-1 2768 -1 5
-1 5014 -1 2
-1 5551 -1 4
-1 3875 -1 9
-1 4771 -1 6
-1 3542 -1 8
-1 3637 -1 9
-1 4584 -1 6
-1 3965 -1 7
-1 5765 -1 7
-1 5081 -1 3
-1 5546 -1 9
-1 5562 -1 4
-1 3313 -1 3
-1 3831 -1 7
-1 4957 -1 9
-1 4969 -1 8
-1 3493 -1 1
-1 4102 -1 2
-1 5536 -1 10
-1 5325 -1 7
-1 5811 -1 4
-1 4851 -1 2
-1 2820 -1 6
-1 5234 -1 1
-1 5212 -1 3
-1 5505 -1 6
-1 5390 -1 7
-1 3951 -1 7
LB 5486
