100 20
1 38 2 13 3 73 4 10 5 76 6 6 7 80 8 65 9 17 10 2 11 77 12 72 13 7 14 26 15 51 16 21 17 19 18 85 19 12 20 29 
1 30 2 15 3 51 4 69 5 88 6 88 7 95 8 97 9 87 10 14 11 10 12 8 13 64 14 62 15 23 16 58 17 2 18 1 19 61 20 82 
1 9 2 89 3 14 4 48 5 73 6 31 7 72 8 4 9 71 10 22 11 50 12 58 13 4 14 69 15 25 16 44 17 77 18 27 19 53 20 81 
1 42 2 83 3 16 4 65 5 69 6 26 7 99 8 88 9 8 10 27 11 26 12 23 13 10 14 68 15 24 16 28 17 38 18 58 19 84 20 39 
1 9 2 33 3 35 4 11 5 24 6 16 7 88 8 26 9 72 10 93 11 75 12 63 13 47 14 33 15 89 16 24 17 56 18 66 19 78 20 4 
1 1 2 78 3 7 4 53 5 86 6 71 7 3 8 77 9 92 10 22 11 76 12 8 13 78 14 73 15 76 16 77 17 44 18 21 19 31 20 37 
1 8 2 46 3 69 4 58 5 83 6 97 7 14 8 11 9 24 10 82 11 8 12 25 13 75 14 93 15 21 16 33 17 13 18 66 19 95 20 61 
1 25 2 83 3 98 4 3 5 93 6 99 7 11 8 55 9 97 10 83 11 87 12 71 13 67 14 72 15 49 16 55 17 16 18 6 19 18 20 43 
1 21 2 49 3 23 4 14 5 98 6 54 7 85 8 11 9 97 10 56 11 62 12 57 13 90 14 22 15 97 16 84 17 26 18 15 19 14 20 85 
1 44 2 7 3 78 4 57 5 60 6 16 7 25 8 10 9 67 10 72 11 54 12 70 13 37 14 22 15 41 16 78 17 92 18 50 19 48 20 78 
1 41 2 79 3 46 4 88 5 17 6 29 7 46 8 68 9 67 10 79 11 47 12 1 13 30 14 64 15 76 16 36 17 54 18 94 19 34 20 3 
1 85 2 84 3 49 4 55 5 33 6 29 7 56 8 83 9 32 10 29 11 95 12 75 13 9 14 33 15 9 16 85 17 78 18 51 19 80 20 42 
1 65 2 84 3 25 4 21 5 45 6 16 7 31 8 92 9 15 10 20 11 27 12 87 13 8 14 54 15 48 16 61 17 35 18 33 19 20 20 68 
1 25 2 84 3 95 4 39 5 48 6 6 7 80 8 64 9 88 10 33 11 43 12 75 13 67 14 89 15 99 16 31 17 18 18 69 19 65 20 61 
1 79 2 18 3 40 4 36 5 82 6 29 7 23 8 39 9 42 10 75 11 78 12 71 13 26 14 49 15 51 16 63 17 45 18 55 19 1 20 87 
1 17 2 20 3 10 4 93 5 52 6 11 7 69 8 24 9 15 10 64 11 22 12 47 13 4 14 57 15 89 16 81 17 47 18 55 19 80 20 72 
1 15 2 78 3 16 4 26 5 54 6 85 7 59 8 86 9 30 10 45 11 38 12 23 13 92 14 55 15 77 16 13 17 60 18 27 19 77 20 72 
1 88 2 40 3 44 4 77 5 39 6 92 7 70 8 99 9 34 10 44 11 27 12 57 13 70 14 74 15 53 16 90 17 28 18 44 19 2 20 83 
1 95 2 97 3 27 4 85 5 31 6 65 7 23 8 99 9 53 10 4 11 71 12 13 13 40 14 84 15 49 16 62 17 71 18 14 19 37 20 24 
1 23 2 67 3 93 4 96 5 54 6 10 7 42 8 58 9 89 10 94 11 77 12 83 13 12 14 37 15 17 16 31 17 85 18 58 19 36 20 42 
1 82 2 3 3 86 4 94 5 37 6 47 7 81 8 28 9 73 10 29 11 3 12 14 13 42 14 37 15 41 16 19 17 98 18 39 19 64 20 47 
1 90 2 3 3 99 4 29 5 79 6 76 7 59 8 43 9 27 10 22 11 59 12 17 13 93 14 38 15 12 16 23 17 7 18 97 19 15 20 88 
1 76 2 36 3 64 4 33 5 92 6 50 7 1 8 23 9 98 10 71 11 37 12 19 13 28 14 29 15 53 16 95 17 51 18 47 19 8 20 86 
1 17 2 30 3 12 4 62 5 15 6 31 7 9 8 41 9 49 10 31 11 24 12 67 13 93 14 65 15 13 16 18 17 34 18 11 19 29 20 76 
1 6 2 82 3 6 4 43 5 87 6 53 7 58 8 57 9 79 10 88 11 82 12 11 13 73 14 49 15 20 16 13 17 26 18 78 19 17 20 5 
1 89 2 28 3 51 4 69 5 4 6 59 7 13 8 3 9 77 10 97 11 97 12 62 13 16 14 75 15 13 16 19 17 31 18 60 19 6 20 17 
1 96 2 97 3 61 4 44 5 32 6 45 7 25 8 63 9 80 10 22 11 20 12 78 13 34 14 5 15 40 16 68 17 35 18 35 19 43 20 79 
1 83 2 39 3 49 4 82 5 6 6 92 7 9 8 41 9 70 10 6 11 8 12 79 13 38 14 79 15 34 16 28 17 52 18 78 19 31 20 44 
1 47 2 10 3 68 4 4 5 68 6 55 7 98 8 64 9 81 10 29 11 38 12 65 13 38 14 94 15 19 16 79 17 71 18 93 19 53 20 11 
1 33 2 47 3 64 4 94 5 19 6 37 7 30 8 40 9 29 10 55 11 30 12 56 13 91 14 28 15 61 16 13 17 18 18 72 19 92 20 8 
1 84 2 57 3 52 4 33 5 77 6 63 7 52 8 97 9 31 10 23 11 6 12 92 13 96 14 23 15 77 16 23 17 19 18 94 19 30 20 19 
1 53 2 32 3 50 4 99 5 84 6 94 7 46 8 52 9 87 10 16 11 72 12 49 13 29 14 84 15 28 16 44 17 20 18 80 19 71 20 89 
1 87 2 12 3 66 4 94 5 16 6 52 7 99 8 87 9 46 10 64 11 43 12 23 13 83 14 41 15 45 16 17 17 18 18 89 19 1 20 98 
1 83 2 72 3 15 4 37 5 27 6 33 7 2 8 49 9 89 10 23 11 35 12 95 13 22 14 69 15 68 16 49 17 19 18 98 19 12 20 12 
1 53 2 77 3 69 4 46 5 65 6 90 7 41 8 8 9 8 10 34 11 59 12 8 13 35 14 5 15 6 16 62 17 51 18 77 19 46 20 97 
1 22 2 93 3 72 4 93 5 26 6 98 7 2 8 14 9 39 10 86 11 28 12 39 13 85 14 34 15 2 16 32 17 39 18 29 19 76 20 32 
1 52 2 67 3 68 4 33 5 75 6 33 7 98 8 6 9 1 10 38 11 73 12 44 13 25 14 17 15 97 16 97 17 42 18 25 19 22 20 28 
1 47 2 36 3 63 4 69 5 63 6 33 7 46 8 89 9 43 10 58 11 26 12 33 13 34 14 7 15 66 16 52 17 32 18 8 19 14 20 4 
1 29 2 16 3 30 4 67 5 62 6 84 7 97 8 59 9 83 10 35 11 31 12 58 13 97 14 50 15 47 16 84 17 42 18 21 19 41 20 51 
1 5 2 10 3 1 4 91 5 22 6 75 7 22 8 34 9 39 10 38 11 44 12 34 13 96 14 42 15 72 16 70 17 71 18 24 19 87 20 40 
1 32 2 38 3 39 4 57 5 88 6 29 7 37 8 67 9 11 10 85 11 1 12 17 13 31 14 4 15 79 16 60 17 54 18 70 19 50 20 75 
1 47 2 28 3 34 4 73 5 69 6 40 7 33 8 98 9 8 10 34 11 63 12 15 13 78 14 44 15 62 16 86 17 37 18 13 19 54 20 27 
1 83 2 13 3 26 4 2 5 42 6 56 7 56 8 65 9 16 10 93 11 41 12 61 13 71 14 50 15 51 16 33 17 91 18 21 19 53 20 39 
1 66 2 81 3 58 4 53 5 90 6 20 7 95 8 65 9 43 10 48 11 22 12 98 13 2 14 90 15 39 16 13 17 19 18 78 19 78 20 89 
1 91 2 84 3 40 4 99 5 16 6 38 7 97 8 37 9 99 10 2 11 33 12 31 13 8 14 51 15 51 16 33 17 44 18 42 19 70 20 2 
1 98 2 52 3 31 4 83 5 50 6 82 7 83 8 96 9 72 10 22 11 19 12 47 13 45 14 92 15 10 16 5 17 78 18 64 19 24 20 96 
1 60 2 65 3 83 4 32 5 2 6 85 7 79 8 69 9 55 10 26 11 84 12 28 13 57 14 93 15 9 16 56 17 77 18 47 19 50 20 12 
1 9 2 62 3 75 4 24 5 89 6 90 7 83 8 83 9 6 10 43 11 47 12 22 13 52 14 74 15 43 16 14 17 19 18 24 19 46 20 96 
1 53 2 34 3 55 4 15 5 58 6 62 7 41 8 73 9 66 10 23 11 3 12 87 13 2 14 73 15 52 16 72 17 88 18 78 19 63 20 49 
1 1 2 43 3 40 4 4 5 58 6 44 7 54 8 44 9 75 10 99 11 98 12 76 13 60 14 67 15 75 16 92 17 6 18 27 19 68 20 32 
1 12 2 4 3 55 4 2 5 14 6 60 7 57 8 82 9 9 10 39 11 5 12 71 13 77 14 74 15 6 16 80 17 85 18 60 19 32 20 91 
1 8 2 67 3 33 4 47 5 76 6 83 7 45 8 65 9 38 10 48 11 74 12 91 13 85 14 16 15 66 16 53 17 70 18 67 19 90 20 29 
1 20 2 18 3 6 4 80 5 11 6 30 7 18 8 82 9 47 10 8 11 18 12 87 13 62 14 65 15 8 16 30 17 56 18 29 19 44 20 99 
1 56 2 6 3 51 4 93 5 64 6 53 7 35 8 99 9 84 10 78 11 38 12 90 13 55 14 5 15 44 16 12 17 30 18 77 19 90 20 33 
1 51 2 52 3 43 4 24 5 90 6 44 7 89 8 96 9 29 10 65 11 87 12 59 13 89 14 52 15 23 16 11 17 32 18 10 19 7 20 31 
1 68 2 19 3 13 4 74 5 75 6 92 7 66 8 86 9 54 10 43 11 7 12 10 13 37 14 88 15 60 16 9 17 54 18 88 19 19 20 22 
1 68 2 15 3 21 4 86 5 10 6 43 7 67 8 21 9 17 10 59 11 78 12 43 13 36 14 76 15 29 16 86 17 35 18 45 19 93 20 83 
1 9 2 31 3 65 4 78 5 19 6 39 7 12 8 57 9 53 10 84 11 77 12 69 13 26 14 70 15 32 16 60 17 63 18 30 19 67 20 33 
1 72 2 61 3 94 4 73 5 28 6 98 7 94 8 69 9 39 10 61 11 98 12 10 13 68 14 79 15 64 16 21 17 36 18 56 19 29 20 46 
1 93 2 57 3 52 4 5 5 80 6 76 7 32 8 77 9 53 10 39 11 84 12 81 13 75 14 71 15 27 16 58 17 31 18 65 19 39 20 19 
1 96 2 42 3 96 4 58 5 49 6 43 7 53 8 23 9 65 10 71 11 62 12 61 13 97 14 28 15 1 16 27 17 51 18 21 19 27 20 66 
1 78 2 19 3 61 4 83 5 60 6 63 7 39 8 24 9 69 10 70 11 62 12 88 13 67 14 20 15 37 16 18 17 22 18 78 19 27 20 33 
1 9 2 9 3 21 4 69 5 83 6 55 7 86 8 94 9 75 10 90 11 24 12 95 13 91 14 14 15 12 16 43 17 11 18 89 19 25 20 48 
1 69 2 44 3 92 4 14 5 7 6 3 7 68 8 94 9 5 10 29 11 36 12 83 13 78 14 47 15 79 16 7 17 92 18 81 19 21 20 24 
1 64 2 72 3 7 4 22 5 65 6 51 7 91 8 10 9 93 10 68 11 86 12 34 13 72 14 9 15 52 16 34 17 62 18 8 19 60 20 42 
1 28 2 52 3 41 4 72 5 46 6 95 7 10 8 89 9 47 10 59 11 22 12 55 13 1 14 20 15 20 16 86 17 28 18 98 19 22 20 95 
1 19 2 68 3 36 4 96 5 30 6 23 7 57 8 11 9 43 10 73 11 32 12 13 13 83 14 8 15 88 16 9 17 62 18 24 19 35 20 95 
1 4 2 56 3 69 4 16 5 25 6 95 7 63 8 27 9 99 10 48 11 88 12 36 13 17 14 88 15 91 16 79 17 88 18 58 19 25 20 56 
1 50 2 53 3 25 4 16 5 68 6 74 7 47 8 21 9 67 10 95 11 13 12 26 13 1 14 98 15 99 16 78 17 12 18 91 19 25 20 55 
1 48 2 78 3 41 4 60 5 96 6 80 7 90 8 32 9 57 10 34 11 39 12 93 13 21 14 15 15 10 16 68 17 82 18 80 19 4 20 48 
1 71 2 43 3 6 4 21 5 58 6 60 7 55 8 78 9 25 10 59 11 80 12 37 13 81 14 59 15 52 16 64 17 74 18 84 19 89 20 83 
1 56 2 79 3 71 4 28 5 24 6 54 7 70 8 69 9 24 10 47 11 40 12 67 13 78 14 27 15 25 16 18 17 88 18 2 19 46 20 59 
1 22 2 18 3 57 4 34 5 44 6 76 7 99 8 3 9 97 10 91 11 84 12 27 13 27 14 53 15 56 16 8 17 63 18 32 19 80 20 93 
1 77 2 47 3 88 4 71 5 70 6 56 7 93 8 99 9 88 10 86 11 75 12 16 13 15 14 57 15 88 16 2 17 85 18 76 19 77 20 91 
1 19 2 63 3 46 4 66 5 53 6 29 7 88 8 39 9 21 10 98 11 52 12 60 13 95 14 65 15 15 16 98 17 53 18 45 19 17 20 65 
1 31 2 83 3 11 4 46 5 89 6 79 7 60 8 98 9 43 10 65 11 6 12 91 13 77 14 56 15 43 16 21 17 89 18 69 19 19 20 93 
1 50 2 84 3 16 4 18 5 62 6 8 7 65 8 56 9 3 10 91 11 5 12 17 13 78 14 69 15 31 16 53 17 85 18 37 19 99 20 60 
1 32 2 36 3 33 4 51 5 52 6 6 7 34 8 1 9 10 10 32 11 36 12 89 13 61 14 39 15 12 16 45 17 44 18 8 19 63 20 57 
1 97 2 94 3 53 4 25 5 44 6 52 7 11 8 95 9 50 10 19 11 11 12 62 13 40 14 7 15 8 16 80 17 13 18 1 19 4 20 52 
1 16 2 68 3 82 4 60 5 67 6 16 7 62 8 65 9 20 10 45 11 88 12 62 13 22 14 1 15 64 16 95 17 85 18 2 19 85 20 61 
1 77 2 23 3 15 4 25 5 47 6 33 7 81 8 71 9 55 10 25 11 78 12 90 13 36 14 58 15 32 16 40 17 15 18 94 19 49 20 14 
1 20 2 16 3 98 4 42 5 36 6 26 7 52 8 35 9 23 10 34 11 62 12 79 13 8 14 33 15 4 16 68 17 96 18 58 19 97 20 47 
1 90 2 22 3 93 4 85 5 59 6 65 7 41 8 79 9 79 10 63 11 63 12 48 13 28 14 72 15 43 16 15 17 94 18 52 19 19 20 79 
1 11 2 36 3 50 4 94 5 80 6 90 7 5 8 6 9 87 10 30 11 54 12 81 13 73 14 30 15 39 16 79 17 55 18 43 19 65 20 69 
1 45 2 85 3 74 4 51 5 81 6 51 7 36 8 73 9 16 10 40 11 3 12 36 13 98 14 80 15 16 16 16 17 95 18 67 19 35 20 84 
1 94 2 19 3 75 4 19 5 26 6 18 7 50 8 38 9 21 10 41 11 53 12 24 13 19 14 80 15 52 16 33 17 38 18 31 19 41 20 51 
1 74 2 69 3 81 4 16 5 64 6 65 7 92 8 21 9 55 10 24 11 7 12 25 13 1 14 49 15 81 16 29 17 89 18 2 19 74 20 22 
1 1 2 77 3 33 4 41 5 82 6 84 7 31 8 88 9 54 10 34 11 83 12 23 13 4 14 35 15 50 16 89 17 71 18 38 19 34 20 13 
1 38 2 80 3 66 4 7 5 80 6 93 7 4 8 33 9 86 10 45 11 30 12 47 13 68 14 67 15 29 16 58 17 85 18 44 19 95 20 94 
1 21 2 53 3 32 4 26 5 64 6 53 7 60 8 18 9 23 10 55 11 14 12 31 13 24 14 51 15 22 16 72 17 4 18 24 19 13 20 78 
1 8 2 53 3 31 4 27 5 9 6 97 7 85 8 82 9 74 10 40 11 57 12 61 13 26 14 66 15 96 16 28 17 19 18 87 19 2 20 35 
1 3 2 18 3 86 4 12 5 94 6 54 7 60 8 83 9 12 10 84 11 4 12 84 13 1 14 94 15 86 16 52 17 92 18 33 19 87 20 85 
1 82 2 6 3 12 4 70 5 10 6 47 7 75 8 94 9 33 10 39 11 43 12 64 13 24 14 41 15 64 16 64 17 32 18 19 19 41 20 6 
1 93 2 80 3 83 4 75 5 41 6 26 7 69 8 50 9 83 10 87 11 47 12 14 13 22 14 81 15 82 16 95 17 50 18 52 19 15 20 31 
1 11 2 86 3 5 4 8 5 55 6 60 7 85 8 99 9 42 10 36 11 57 12 14 13 12 14 53 15 67 16 22 17 82 18 95 19 35 20 62 
1 92 2 86 3 61 4 93 5 99 6 92 7 75 8 9 9 76 10 82 11 28 12 26 13 87 14 37 15 15 16 4 17 93 18 85 19 73 20 44 
1 9 2 56 3 18 4 61 5 33 6 99 7 84 8 28 9 96 10 53 11 51 12 81 13 92 14 80 15 27 16 38 17 25 18 57 19 41 20 53 
1 39 2 20 3 45 4 21 5 64 6 22 7 66 8 69 9 93 10 19 11 69 12 17 13 79 14 60 15 57 16 45 17 36 18 40 19 62 20 33 
1 68 2 54 3 63 4 76 5 9 6 35 7 34 8 93 9 26 10 68 11 2 12 99 13 9 14 90 15 28 16 30 17 90 18 78 19 11 20 62 
1 17 2 80 3 75 4 77 5 98 6 1 7 31 8 4 9 82 10 65 11 39 12 68 13 31 14 22 15 27 16 96 17 11 18 70 19 34 20 37 
Reldue
-1 3954 -1 5
-1 3543 -1 1
-1 4896 -1 6
-1 4083 -1 5
-1 5100 -1 8
-1 5302 -1 6
-1 3449 -1 10
-1 5588 -1 8
-1 4457 -1 9
-1 5239 -1 8
-1 5664 -1 5
-1 6090 -1 6
-1 4773 -1 1
-1 3959 -1 3
-1 5964 -1 8
-1 5424 -1 8
-1 3755 -1 6
-1 3483 -1 4
-1 4727 -1 9
-1 5942 -1 6
-1 3316 -1 2
-1 4235 -1 7
-1 5459 -1 6
-1 4067 -1 6
-1 5716 -1 7
-1 5169 -1 3
-1 4080 -1 3
-1 4402 -1 7
-1 3005 -1 2
-1 4760 -1 8
-1 3905 -1 10
-1 3776 -1 10
-1 4118 -1 5
-1 3687 -1 8
-1 3216 -1 6
-1 2836 -1 7
-1 5610 -1 4
-1 3462 -1 1
-1 5024 -1 9
-1 5894 -1 1
-1 3000 -1 4
-1 4077 -1 8
-1 5226 -1 9
-1 4227 -1 9
-1 5186 -1 1
-1 3657 -1 8
-1 5085 -1 7
-1 6074 -1 3
-1 6095 -1 4
-1 4787 -1 3
-1 3396 -1 1
-1 5854 -1 2
-1 3682 -1 7
-1 2801 -1 10
-1 5215 -1 10
-1 6090 -1 1
-1 4181 -1 7
-1 3054 -1 5
-1 4942 -1 9
-1 2967 -1 5
-1 5887 -1 1
-1 4351 -1 8
-1 3022 -1 10
-1 3929 -1 5
-1 3862 -1 7
-1 5538 -1 5
-1 3613 -1 1
-1 6072 -1 6
-1 6026 -1 1
-1 5278 -1 6
-1 2933 -1 1
-1 4447 -1 1
-1 5660 -1 8
-1 3679 -1 1
-1 5407 -1 10
-1 5619 -1 2
-1 4324 -1 8
-1 5607 -1 5
-1 4085 -1 8
-1 5935 -1 3
-1 5160 -1 1
-1 5781 -1 6
-1 3421 -1 9
-1 4235 -1 7
-1 3265 -1 2
-1 4609 -1 4
-1 3602 -1 8
-1 5247 -1 6
-1 4175 -1 10
-1 4425 -1 3
-1 3469 -1 7
-1 4956 -1 7
-1 4310 -1 1
-1 6091 -1 10
-1 4632 -1 3
-1 5907 -1 5
-1 5722 -1 3
-1 5119 -1 3
-1 5288 -1 10
-1 4969 -1 8
LB 5586
