100 20
1 94 2 99 3 41 4 20 5 53 6 75 7 32 8 67 9 57 10 23 11 35 12 6 13 98 14 11 15 87 16 51 17 40 18 16 19 81 20 40 
1 72 2 10 3 76 4 74 5 5 6 86 7 93 8 82 9 67 10 54 11 36 12 58 13 56 14 61 15 70 16 33 17 50 18 69 19 55 20 93 
1 82 2 13 3 84 4 50 5 46 6 85 7 18 8 84 9 70 10 26 11 52 12 92 13 56 14 10 15 12 16 94 17 63 18 61 19 1 20 36 
1 64 2 32 3 33 4 64 5 11 6 88 7 45 8 91 9 22 10 68 11 86 12 59 13 12 14 42 15 89 16 49 17 72 18 66 19 10 20 27 
1 35 2 56 3 53 4 98 5 68 6 75 7 71 8 77 9 30 10 91 11 71 12 20 13 10 14 22 15 88 16 29 17 26 18 47 19 70 20 5 
1 98 2 45 3 4 4 74 5 78 6 26 7 45 8 48 9 85 10 46 11 13 12 74 13 30 14 29 15 43 16 74 17 80 18 39 19 52 20 66 
1 81 2 7 3 64 4 6 5 44 6 40 7 82 8 55 9 86 10 57 11 94 12 95 13 20 14 69 15 6 16 23 17 54 18 19 19 86 20 30 
1 39 2 4 3 85 4 1 5 25 6 26 7 79 8 86 9 7 10 24 11 4 12 30 13 57 14 90 15 28 16 5 17 37 18 84 19 25 20 52 
1 43 2 62 3 82 4 71 5 60 6 4 7 5 8 3 9 56 10 94 11 15 12 24 13 59 14 64 15 43 16 77 17 69 18 8 19 83 20 56 
1 5 2 51 3 28 4 90 5 59 6 73 7 46 8 36 9 91 10 31 11 53 12 27 13 34 14 91 15 4 16 3 17 72 18 42 19 45 20 58 
1 88 2 15 3 93 4 76 5 92 6 36 7 35 8 31 9 97 10 35 11 40 12 83 13 81 14 32 15 57 16 27 17 42 18 78 19 46 20 12 
1 5 2 48 3 53 4 54 5 11 6 67 7 34 8 35 9 48 10 51 11 64 12 94 13 83 14 12 15 45 16 41 17 92 18 86 19 55 20 33 
1 19 2 64 3 75 4 4 5 79 6 10 7 82 8 88 9 79 10 46 11 53 12 12 13 57 14 17 15 41 16 48 17 5 18 56 19 89 20 35 
1 15 2 1 3 51 4 85 5 23 6 43 7 8 8 48 9 90 10 57 11 22 12 41 13 35 14 22 15 21 16 53 17 34 18 80 19 10 20 51 
1 45 2 34 3 93 4 26 5 35 6 26 7 21 8 32 9 33 10 22 11 17 12 23 13 93 14 14 15 34 16 59 17 98 18 56 19 20 20 38 
1 30 2 15 3 10 4 4 5 45 6 85 7 1 8 82 9 71 10 79 11 40 12 67 13 44 14 98 15 57 16 16 17 25 18 10 19 75 20 91 
1 58 2 39 3 47 4 55 5 66 6 87 7 91 8 50 9 44 10 48 11 97 12 69 13 74 14 33 15 44 16 50 17 96 18 32 19 1 20 83 
1 42 2 73 3 4 4 43 5 54 6 77 7 94 8 19 9 21 10 95 11 52 12 65 13 61 14 16 15 13 16 97 17 2 18 45 19 56 20 24 
1 88 2 45 3 3 4 92 5 89 6 22 7 77 8 31 9 85 10 54 11 9 12 82 13 14 14 29 15 49 16 29 17 44 18 73 19 35 20 34 
1 69 2 20 3 1 4 14 5 75 6 12 7 58 8 85 9 12 10 83 11 9 12 95 13 82 14 3 15 78 16 20 17 14 18 73 19 30 20 69 
1 54 2 4 3 63 4 90 5 37 6 71 7 81 8 57 9 44 10 31 11 18 12 33 13 45 14 63 15 36 16 89 17 82 18 52 19 74 20 85 
1 36 2 61 3 53 4 8 5 7 6 50 7 34 8 8 9 42 10 19 11 5 12 7 13 22 14 42 15 50 16 89 17 90 18 71 19 31 20 22 
1 66 2 45 3 1 4 43 5 44 6 64 7 69 8 22 9 67 10 8 11 17 12 53 13 34 14 59 15 17 16 96 17 56 18 3 19 97 20 3 
1 58 2 67 3 62 4 2 5 18 6 27 7 21 8 23 9 89 10 74 11 57 12 94 13 28 14 6 15 95 16 12 17 44 18 33 19 34 20 26 
1 54 2 16 3 29 4 69 5 66 6 91 7 16 8 39 9 64 10 97 11 87 12 26 13 57 14 44 15 93 16 3 17 97 18 83 19 93 20 34 
1 32 2 91 3 60 4 20 5 74 6 81 7 73 8 28 9 72 10 52 11 51 12 60 13 26 14 49 15 1 16 34 17 18 18 98 19 10 20 19 
1 12 2 23 3 9 4 13 5 8 6 3 7 4 8 42 9 49 10 64 11 82 12 25 13 64 14 68 15 32 16 95 17 80 18 58 19 77 20 93 
1 69 2 7 3 51 4 41 5 9 6 69 7 11 8 51 9 13 10 93 11 99 12 49 13 48 14 29 15 97 16 94 17 70 18 65 19 44 20 40 
1 83 2 46 3 3 4 48 5 38 6 13 7 19 8 59 9 44 10 31 11 72 12 90 13 80 14 50 15 97 16 49 17 49 18 6 19 27 20 53 
1 8 2 59 3 11 4 24 5 30 6 77 7 53 8 32 9 93 10 8 11 60 12 28 13 69 14 33 15 96 16 91 17 50 18 90 19 60 20 98 
1 17 2 32 3 29 4 90 5 15 6 30 7 78 8 67 9 71 10 16 11 76 12 84 13 94 14 26 15 95 16 60 17 18 18 68 19 57 20 15 
1 70 2 41 3 93 4 73 5 77 6 60 7 58 8 37 9 35 10 65 11 51 12 88 13 33 14 50 15 72 16 82 17 37 18 31 19 24 20 83 
1 18 2 30 3 44 4 28 5 87 6 46 7 36 8 66 9 95 10 33 11 63 12 80 13 2 14 6 15 39 16 97 17 73 18 73 19 70 20 45 
1 68 2 92 3 40 4 45 5 81 6 99 7 23 8 44 9 51 10 88 11 23 12 99 13 10 14 30 15 93 16 88 17 12 18 10 19 54 20 94 
1 40 2 57 3 95 4 84 5 52 6 92 7 32 8 90 9 46 10 86 11 64 12 65 13 4 14 56 15 75 16 10 17 33 18 30 19 22 20 82 
1 75 2 56 3 37 4 93 5 89 6 15 7 15 8 96 9 25 10 56 11 38 12 96 13 30 14 52 15 94 16 92 17 11 18 78 19 1 20 4 
1 49 2 32 3 84 4 52 5 11 6 55 7 14 8 73 9 57 10 24 11 41 12 49 13 40 14 84 15 16 16 7 17 83 18 51 19 82 20 43 
1 42 2 49 3 50 4 2 5 93 6 16 7 86 8 55 9 36 10 75 11 64 12 21 13 47 14 80 15 73 16 54 17 13 18 59 19 29 20 59 
1 41 2 48 3 64 4 55 5 41 6 76 7 80 8 85 9 22 10 95 11 87 12 10 13 87 14 3 15 62 16 28 17 86 18 53 19 34 20 94 
1 56 2 67 3 60 4 81 5 11 6 2 7 36 8 40 9 27 10 49 11 55 12 75 13 1 14 54 15 77 16 36 17 31 18 64 19 28 20 65 
1 94 2 11 3 6 4 39 5 9 6 3 7 2 8 27 9 82 10 50 11 1 12 33 13 3 14 61 15 51 16 41 17 5 18 82 19 34 20 33 
1 40 2 37 3 8 4 57 5 98 6 20 7 19 8 98 9 49 10 58 11 10 12 70 13 98 14 94 15 95 16 18 17 43 18 57 19 11 20 80 
1 85 2 67 3 87 4 41 5 23 6 43 7 43 8 25 9 36 10 88 11 33 12 28 13 7 14 5 15 82 16 80 17 20 18 11 19 63 20 80 
1 57 2 86 3 79 4 14 5 38 6 12 7 68 8 91 9 86 10 19 11 19 12 89 13 28 14 6 15 88 16 76 17 10 18 48 19 58 20 42 
1 81 2 65 3 85 4 25 5 99 6 9 7 98 8 44 9 62 10 85 11 2 12 33 13 43 14 8 15 11 16 73 17 46 18 73 19 56 20 97 
1 90 2 59 3 70 4 46 5 92 6 17 7 77 8 96 9 97 10 73 11 64 12 88 13 99 14 75 15 29 16 80 17 20 18 12 19 27 20 94 
1 91 2 1 3 93 4 67 5 7 6 8 7 25 8 76 9 32 10 54 11 81 12 25 13 96 14 42 15 87 16 75 17 72 18 92 19 62 20 87 
1 14 2 70 3 82 4 43 5 66 6 29 7 97 8 40 9 7 10 90 11 31 12 81 13 18 14 97 15 28 16 97 17 73 18 41 19 4 20 57 
1 85 2 11 3 71 4 40 5 73 6 9 7 79 8 60 9 63 10 69 11 58 12 1 13 56 14 41 15 12 16 48 17 86 18 71 19 74 20 63 
1 97 2 17 3 25 4 57 5 12 6 67 7 7 8 15 9 76 10 70 11 42 12 59 13 37 14 6 15 21 16 43 17 17 18 59 19 21 20 3 
1 71 2 36 3 56 4 80 5 66 6 39 7 95 8 40 9 14 10 9 11 81 12 90 13 37 14 5 15 29 16 20 17 42 18 46 19 32 20 99 
1 23 2 92 3 92 4 55 5 21 6 87 7 72 8 84 9 10 10 60 11 14 12 24 13 50 14 73 15 52 16 58 17 24 18 59 19 78 20 65 
1 63 2 44 3 47 4 32 5 19 6 88 7 69 8 76 9 29 10 71 11 99 12 27 13 25 14 65 15 21 16 20 17 55 18 22 19 96 20 31 
1 45 2 97 3 44 4 96 5 18 6 24 7 51 8 66 9 96 10 24 11 12 12 2 13 88 14 36 15 49 16 25 17 84 18 74 19 43 20 59 
1 23 2 69 3 81 4 23 5 69 6 33 7 81 8 81 9 43 10 50 11 72 12 49 13 64 14 15 15 93 16 9 17 40 18 42 19 29 20 46 
1 61 2 21 3 36 4 50 5 92 6 69 7 83 8 58 9 64 10 41 11 72 12 43 13 9 14 38 15 50 16 84 17 91 18 82 19 71 20 12 
1 90 2 34 3 79 4 64 5 35 6 77 7 55 8 58 9 59 10 65 11 79 12 84 13 6 14 4 15 76 16 6 17 43 18 35 19 35 20 12 
1 16 2 22 3 56 4 67 5 75 6 21 7 65 8 16 9 21 10 14 11 75 12 27 13 90 14 53 15 93 16 73 17 55 18 18 19 17 20 68 
1 39 2 61 3 60 4 56 5 65 6 32 7 9 8 72 9 95 10 81 11 66 12 15 13 20 14 19 15 92 16 73 17 92 18 17 19 32 20 69 
1 81 2 12 3 89 4 92 5 47 6 66 7 12 8 42 9 5 10 54 11 92 12 17 13 9 14 73 15 6 16 45 17 76 18 21 19 60 20 95 
1 58 2 23 3 13 4 26 5 80 6 62 7 16 8 57 9 74 10 63 11 79 12 69 13 84 14 97 15 66 16 56 17 43 18 31 19 93 20 63 
1 17 2 10 3 97 4 14 5 42 6 71 7 60 8 9 9 83 10 11 11 75 12 62 13 50 14 50 15 32 16 84 17 39 18 30 19 92 20 57 
1 25 2 96 3 64 4 76 5 87 6 26 7 49 8 29 9 35 10 43 11 98 12 50 13 10 14 26 15 85 16 3 17 42 18 70 19 79 20 96 
1 89 2 94 3 77 4 66 5 52 6 20 7 56 8 50 9 1 10 2 11 75 12 64 13 40 14 91 15 72 16 31 17 80 18 41 19 94 20 7 
1 71 2 49 3 41 4 86 5 93 6 37 7 51 8 43 9 3 10 46 11 67 12 77 13 47 14 73 15 49 16 54 17 49 18 51 19 64 20 40 
1 74 2 32 3 96 4 14 5 28 6 95 7 38 8 85 9 9 10 20 11 15 12 66 13 62 14 58 15 42 16 58 17 9 18 24 19 87 20 74 
1 2 2 16 3 22 4 80 5 31 6 96 7 58 8 68 9 11 10 13 11 46 12 63 13 16 14 38 15 74 16 37 17 20 18 74 19 25 20 86 
1 29 2 94 3 97 4 41 5 59 6 58 7 3 8 63 9 31 10 55 11 24 12 45 13 15 14 1 15 63 16 87 17 75 18 60 19 98 20 30 
1 59 2 7 3 36 4 50 5 79 6 27 7 56 8 15 9 82 10 96 11 37 12 54 13 89 14 63 15 85 16 33 17 14 18 46 19 88 20 66 
1 52 2 72 3 77 4 84 5 74 6 31 7 20 8 17 9 71 10 48 11 35 12 37 13 22 14 66 15 29 16 89 17 99 18 70 19 10 20 85 
1 76 2 53 3 13 4 85 5 99 6 26 7 21 8 78 9 2 10 5 11 96 12 43 13 46 14 49 15 47 16 5 17 39 18 59 19 64 20 95 
1 37 2 91 3 4 4 14 5 59 6 98 7 13 8 28 9 16 10 8 11 97 12 16 13 46 14 64 15 11 16 35 17 51 18 16 19 7 20 60 
1 18 2 91 3 54 4 90 5 91 6 39 7 12 8 80 9 59 10 65 11 36 12 40 13 13 14 35 15 73 16 78 17 98 18 28 19 48 20 51 
1 26 2 78 3 38 4 5 5 11 6 99 7 52 8 40 9 50 10 70 11 11 12 62 13 36 14 94 15 32 16 72 17 63 18 23 19 99 20 92 
1 64 2 15 3 95 4 80 5 55 6 96 7 31 8 60 9 58 10 3 11 16 12 60 13 75 14 48 15 95 16 8 17 46 18 78 19 17 20 49 
1 70 2 7 3 43 4 6 5 96 6 41 7 9 8 15 9 19 10 79 11 46 12 49 13 67 14 3 15 3 16 35 17 16 18 47 19 82 20 62 
1 7 2 85 3 8 4 96 5 73 6 2 7 17 8 23 9 43 10 9 11 70 12 88 13 7 14 65 15 28 16 32 17 35 18 45 19 25 20 50 
1 19 2 46 3 60 4 16 5 63 6 77 7 29 8 52 9 1 10 56 11 50 12 48 13 14 14 11 15 92 16 37 17 44 18 14 19 65 20 18 
1 6 2 5 3 85 4 54 5 52 6 8 7 46 8 56 9 87 10 59 11 37 12 9 13 38 14 75 15 42 16 56 17 96 18 27 19 2 20 75 
1 79 2 1 3 31 4 2 5 52 6 28 7 47 8 94 9 35 10 22 11 10 12 17 13 1 14 1 15 15 16 87 17 85 18 34 19 46 20 50 
1 85 2 77 3 23 4 21 5 11 6 57 7 69 8 70 9 49 10 1 11 25 12 82 13 39 14 72 15 6 16 86 17 14 18 4 19 24 20 63 
1 86 2 6 3 32 4 83 5 65 6 61 7 16 8 93 9 62 10 78 11 27 12 13 13 7 14 83 15 15 16 18 17 24 18 54 19 26 20 10 
1 57 2 24 3 51 4 66 5 5 6 90 7 85 8 28 9 87 10 9 11 55 12 23 13 20 14 79 15 28 16 76 17 24 18 19 19 34 20 23 
1 62 2 14 3 66 4 99 5 34 6 88 7 10 8 31 9 9 10 77 11 77 12 33 13 21 14 71 15 31 16 20 17 19 18 17 19 52 20 25 
1 69 2 34 3 63 4 28 5 34 6 4 7 3 8 67 9 77 10 71 11 11 12 97 13 25 14 74 15 62 16 32 17 16 18 24 19 22 20 94 
1 59 2 31 3 87 4 27 5 61 6 2 7 67 8 60 9 88 10 81 11 10 12 75 13 74 14 90 15 85 16 41 17 79 18 37 19 68 20 95 
1 94 2 86 3 28 4 85 5 32 6 36 7 30 8 91 9 29 10 51 11 60 12 82 13 67 14 59 15 27 16 59 17 21 18 4 19 60 20 18 
1 97 2 58 3 50 4 30 5 25 6 66 7 67 8 28 9 48 10 57 11 15 12 30 13 49 14 98 15 39 16 81 17 74 18 4 19 53 20 76 
1 90 2 11 3 96 4 28 5 1 6 61 7 40 8 18 9 77 10 85 11 9 12 9 13 53 14 53 15 22 16 32 17 68 18 92 19 50 20 12 
1 23 2 75 3 6 4 42 5 62 6 13 7 27 8 63 9 43 10 23 11 6 12 57 13 29 14 97 15 99 16 8 17 1 18 13 19 12 20 40 
1 8 2 69 3 27 4 78 5 64 6 65 7 38 8 53 9 95 10 26 11 27 12 75 13 99 14 14 15 47 16 72 17 62 18 57 19 50 20 6 
1 70 2 51 3 93 4 18 5 43 6 17 7 76 8 98 9 78 10 15 11 93 12 83 13 41 14 48 15 16 16 64 17 49 18 81 19 36 20 56 
1 6 2 10 3 46 4 14 5 5 6 38 7 40 8 20 9 45 10 82 11 55 12 77 13 2 14 28 15 17 16 44 17 17 18 3 19 37 20 24 
1 23 2 21 3 71 4 38 5 47 6 94 7 76 8 10 9 39 10 52 11 10 12 88 13 2 14 13 15 51 16 11 17 85 18 56 19 86 20 48 
1 88 2 44 3 65 4 8 5 70 6 51 7 25 8 97 9 24 10 96 11 83 12 82 13 74 14 28 15 39 16 69 17 77 18 49 19 5 20 86 
1 1 2 81 3 11 4 60 5 43 6 54 7 62 8 42 9 40 10 24 11 65 12 7 13 92 14 62 15 66 16 49 17 87 18 55 19 78 20 59 
1 17 2 3 3 44 4 51 5 44 6 40 7 9 8 67 9 73 10 95 11 84 12 73 13 30 14 86 15 40 16 57 17 49 18 81 19 14 20 74 
1 46 2 47 3 54 4 33 5 52 6 83 7 12 8 46 9 69 10 4 11 75 12 33 13 78 14 10 15 41 16 70 17 93 18 21 19 21 20 71 
1 88 2 73 3 48 4 24 5 18 6 5 7 5 8 77 9 96 10 83 11 89 12 91 13 61 14 37 15 31 16 75 17 95 18 15 19 23 20 32 
1 41 2 59 3 8 4 77 5 59 6 94 7 80 8 42 9 7 10 66 11 57 12 70 13 94 14 12 15 6 16 69 17 17 18 84 19 21 20 57 
Reldue
-1 5427 -1 7
-1 2802 -1 5
-1 4423 -1 2
-1 5722 -1 3
-1 3275 -1 7
-1 4490 -1 10
-1 2807 -1 6
-1 5735 -1 5
-1 3522 -1 2
-1 2823 -1 5
-1 3508 -1 9
-1 4952 -1 2
-1 5504 -1 10
-1 3020 -1 2
-1 5420 -1 3
-1 5374 -1 10
-1 5017 -1 4
-1 5762 -1 3
-1 5418 -1 10
-1 4729 -1 1
-1 5666 -1 1
-1 4070 -1 3
-1 3807 -1 4
-1 4718 -1 6
-1 5579 -1 7
-1 3076 -1 4
-1 5014 -1 8
-1 4741 -1 10
-1 4579 -1 10
-1 3033 -1 1
-1 4493 -1 3
-1 4532 -1 5
-1 3844 -1 8
-1 4511 -1 2
-1 2981 -1 7
-1 3731 -1 1
-1 4412 -1 3
-1 2850 -1 3
-1 5183 -1 10
-1 3843 -1 7
-1 4570 -1 8
-1 4467 -1 5
-1 3407 -1 2
-1 2715 -1 8
-1 3615 -1 2
-1 5907 -1 6
-1 2920 -1 9
-1 5579 -1 4
-1 4145 -1 7
-1 3859 -1 4
-1 5144 -1 1
-1 5458 -1 1
-1 3124 -1 2
-1 3434 -1 4
-1 5698 -1 10
-1 5746 -1 3
-1 3698 -1 2
-1 4345 -1 2
-1 3412 -1 5
-1 5281 -1 7
-1 3874 -1 8
-1 4223 -1 4
-1 5784 -1 6
-1 4927 -1 8
-1 5734 -1 9
-1 3103 -1 7
-1 5852 -1 4
-1 4238 -1 7
-1 5769 -1 4
-1 5659 -1 4
-1 2733 -1 10
-1 4548 -1 1
-1 5880 -1 10
-1 4726 -1 10
-1 5068 -1 7
-1 4156 -1 4
-1 5746 -1 3
-1 4153 -1 8
-1 5684 -1 8
-1 5781 -1 4
-1 3422 -1 9
-1 5206 -1 8
-1 3083 -1 4
-1 3558 -1 3
-1 4972 -1 1
-1 3079 -1 1
-1 4471 -1 8
-1 3008 -1 4
-1 5387 -1 10
-1 3447 -1 9
-1 3663 -1 10
-1 5156 -1 3
-1 3015 -1 9
-1 3339 -1 5
-1 2831 -1 6
-1 3765 -1 10
-1 4423 -1 8
-1 3432 -1 5
-1 4827 -1 6
-1 5451 -1 1
LB 5372
