100 20
1 2 2 6 3 23 4 33 5 4 6 88 7 13 8 65 9 52 10 24 11 13 12 70 13 9 14 25 15 95 16 44 17 93 18 89 19 8 20 2 
1 79 2 46 3 61 4 35 5 52 6 97 7 97 8 38 9 71 10 69 11 29 12 16 13 27 14 5 15 8 16 13 17 45 18 77 19 98 20 33 
1 68 2 13 3 58 4 81 5 59 6 66 7 2 8 75 9 18 10 75 11 18 12 11 13 3 14 26 15 48 16 5 17 87 18 3 19 81 20 61 
1 92 2 3 3 32 4 6 5 44 6 5 7 75 8 3 9 73 10 45 11 84 12 12 13 84 14 90 15 72 16 92 17 61 18 18 19 85 20 6 
1 42 2 88 3 12 4 96 5 2 6 30 7 21 8 61 9 81 10 40 11 56 12 5 13 92 14 7 15 93 16 21 17 45 18 24 19 95 20 11 
1 26 2 35 3 93 4 43 5 20 6 40 7 94 8 83 9 41 10 38 11 44 12 58 13 39 14 18 15 58 16 75 17 34 18 4 19 9 20 17 
1 31 2 33 3 49 4 63 5 47 6 78 7 82 8 99 9 85 10 83 11 93 12 29 13 82 14 78 15 93 16 85 17 57 18 92 19 37 20 3 
1 38 2 86 3 28 4 10 5 67 6 17 7 39 8 24 9 43 10 65 11 82 12 31 13 84 14 75 15 45 16 80 17 3 18 36 19 41 20 36 
1 82 2 95 3 10 4 93 5 95 6 2 7 5 8 15 9 53 10 39 11 40 12 12 13 71 14 14 15 19 16 43 17 6 18 56 19 60 20 71 
1 93 2 77 3 57 4 23 5 34 6 92 7 80 8 96 9 93 10 29 11 91 12 20 13 91 14 65 15 71 16 56 17 19 18 24 19 69 20 71 
1 70 2 37 3 13 4 13 5 86 6 22 7 77 8 67 9 4 10 45 11 33 12 63 13 1 14 7 15 17 16 6 17 70 18 77 19 32 20 68 
1 69 2 58 3 71 4 78 5 30 6 76 7 77 8 37 9 25 10 77 11 55 12 65 13 38 14 19 15 39 16 88 17 42 18 64 19 79 20 83 
1 26 2 17 3 31 4 29 5 26 6 8 7 56 8 6 9 56 10 49 11 46 12 60 13 60 14 24 15 12 16 49 17 71 18 58 19 55 20 97 
1 86 2 28 3 98 4 86 5 60 6 52 7 70 8 5 9 49 10 49 11 59 12 24 13 97 14 37 15 53 16 33 17 53 18 96 19 46 20 87 
1 55 2 9 3 64 4 33 5 38 6 58 7 70 8 53 9 41 10 1 11 33 12 56 13 69 14 16 15 67 16 5 17 48 18 91 19 32 20 4 
1 25 2 95 3 76 4 67 5 84 6 92 7 49 8 64 9 89 10 95 11 8 12 80 13 71 14 6 15 73 16 71 17 26 18 56 19 65 20 46 
1 87 2 17 3 75 4 43 5 13 6 85 7 85 8 44 9 51 10 42 11 25 12 70 13 44 14 88 15 18 16 29 17 79 18 91 19 27 20 91 
1 2 2 25 3 83 4 33 5 43 6 96 7 75 8 41 9 56 10 8 11 87 12 64 13 9 14 66 15 1 16 93 17 91 18 85 19 14 20 76 
1 52 2 85 3 2 4 38 5 59 6 33 7 51 8 58 9 40 10 93 11 35 12 23 13 81 14 90 15 40 16 44 17 98 18 76 19 84 20 38 
1 70 2 13 3 64 4 24 5 91 6 34 7 10 8 77 9 73 10 34 11 23 12 15 13 89 14 36 15 30 16 64 17 44 18 64 19 92 20 55 
1 95 2 35 3 29 4 48 5 15 6 11 7 46 8 40 9 93 10 93 11 66 12 18 13 84 14 11 15 31 16 91 17 29 18 39 19 3 20 32 
1 97 2 85 3 53 4 4 5 9 6 39 7 52 8 10 9 69 10 70 11 42 12 53 13 45 14 61 15 94 16 73 17 57 18 19 19 49 20 71 
1 76 2 67 3 10 4 61 5 5 6 36 7 28 8 44 9 57 10 64 11 85 12 74 13 7 14 82 15 46 16 91 17 86 18 15 19 75 20 10 
1 12 2 54 3 26 4 5 5 53 6 95 7 8 8 26 9 29 10 72 11 60 12 93 13 2 14 65 15 45 16 72 17 1 18 73 19 44 20 51 
1 33 2 68 3 39 4 29 5 67 6 45 7 2 8 82 9 68 10 73 11 33 12 67 13 51 14 7 15 72 16 53 17 70 18 67 19 57 20 70 
1 3 2 81 3 46 4 50 5 99 6 92 7 70 8 19 9 8 10 45 11 46 12 26 13 76 14 22 15 97 16 94 17 21 18 97 19 4 20 6 
1 83 2 68 3 76 4 92 5 42 6 4 7 67 8 38 9 10 10 80 11 82 12 10 13 52 14 24 15 64 16 4 17 80 18 79 19 26 20 37 
1 22 2 44 3 92 4 35 5 63 6 9 7 48 8 55 9 58 10 90 11 42 12 68 13 72 14 28 15 27 16 71 17 24 18 94 19 98 20 64 
1 43 2 89 3 84 4 89 5 20 6 38 7 42 8 36 9 70 10 99 11 79 12 53 13 44 14 62 15 87 16 52 17 73 18 20 19 22 20 50 
1 15 2 30 3 52 4 81 5 24 6 56 7 73 8 49 9 94 10 10 11 51 12 37 13 17 14 43 15 65 16 68 17 38 18 32 19 81 20 84 
1 72 2 39 3 56 4 65 5 96 6 25 7 95 8 69 9 59 10 60 11 62 12 53 13 63 14 71 15 19 16 33 17 83 18 62 19 30 20 40 
1 84 2 71 3 58 4 74 5 19 6 84 7 86 8 42 9 68 10 26 11 12 12 70 13 87 14 62 15 53 16 99 17 41 18 88 19 40 20 89 
1 76 2 95 3 88 4 32 5 81 6 16 7 13 8 16 9 33 10 38 11 74 12 61 13 84 14 20 15 58 16 98 17 53 18 43 19 91 20 45 
1 11 2 36 3 68 4 80 5 84 6 21 7 59 8 16 9 23 10 27 11 43 12 35 13 18 14 24 15 99 16 21 17 12 18 29 19 31 20 51 
1 40 2 14 3 25 4 91 5 39 6 16 7 79 8 86 9 92 10 64 11 14 12 74 13 79 14 50 15 57 16 9 17 90 18 86 19 27 20 64 
1 57 2 70 3 46 4 11 5 60 6 76 7 23 8 25 9 98 10 87 11 45 12 84 13 37 14 65 15 90 16 47 17 88 18 51 19 48 20 81 
1 40 2 61 3 52 4 96 5 45 6 65 7 81 8 25 9 84 10 57 11 92 12 90 13 4 14 13 15 54 16 56 17 20 18 32 19 90 20 21 
1 70 2 98 3 85 4 26 5 34 6 66 7 77 8 5 9 82 10 19 11 88 12 27 13 65 14 65 15 70 16 11 17 85 18 16 19 98 20 23 
1 94 2 5 3 46 4 68 5 47 6 80 7 20 8 2 9 22 10 55 11 43 12 73 13 61 14 76 15 66 16 71 17 2 18 44 19 62 20 29 
1 25 2 59 3 45 4 37 5 40 6 78 7 83 8 45 9 19 10 21 11 88 12 51 13 38 14 4 15 27 16 34 17 67 18 34 19 16 20 70 
1 74 2 89 3 99 4 23 5 82 6 47 7 9 8 60 9 45 10 8 11 8 12 59 13 82 14 5 15 96 16 63 17 55 18 89 19 80 20 56 
1 41 2 44 3 19 4 62 5 25 6 27 7 43 8 13 9 98 10 23 11 48 12 39 13 82 14 70 15 20 16 70 17 41 18 46 19 81 20 31 
1 82 2 86 3 40 4 98 5 54 6 87 7 69 8 64 9 72 10 54 11 74 12 83 13 96 14 25 15 74 16 1 17 35 18 15 19 36 20 11 
1 76 2 38 3 6 4 81 5 69 6 51 7 14 8 29 9 79 10 61 11 36 12 16 13 97 14 93 15 15 16 27 17 36 18 35 19 43 20 20 
1 98 2 59 3 20 4 90 5 38 6 75 7 74 8 16 9 53 10 77 11 48 12 69 13 79 14 24 15 21 16 73 17 58 18 18 19 7 20 97 
1 10 2 71 3 27 4 80 5 25 6 55 7 66 8 19 9 81 10 93 11 47 12 28 13 1 14 51 15 47 16 25 17 51 18 88 19 12 20 80 
1 32 2 69 3 69 4 31 5 17 6 23 7 79 8 6 9 26 10 48 11 53 12 60 13 84 14 79 15 44 16 8 17 61 18 92 19 74 20 41 
1 70 2 21 3 34 4 70 5 46 6 49 7 16 8 87 9 42 10 76 11 74 12 59 13 34 14 80 15 45 16 12 17 2 18 7 19 44 20 18 
1 99 2 36 3 85 4 89 5 77 6 98 7 46 8 65 9 17 10 93 11 60 12 26 13 67 14 68 15 60 16 79 17 82 18 70 19 47 20 98 
1 17 2 17 3 45 4 17 5 5 6 42 7 6 8 3 9 76 10 12 11 43 12 51 13 77 14 4 15 37 16 14 17 19 18 56 19 95 20 65 
1 93 2 48 3 2 4 34 5 45 6 84 7 87 8 4 9 55 10 75 11 59 12 97 13 50 14 66 15 70 16 83 17 39 18 1 19 42 20 58 
1 8 2 40 3 91 4 13 5 10 6 29 7 81 8 82 9 74 10 21 11 9 12 8 13 37 14 8 15 21 16 3 17 27 18 67 19 72 20 58 
1 72 2 75 3 1 4 91 5 50 6 49 7 4 8 80 9 14 10 77 11 45 12 2 13 51 14 48 15 54 16 75 17 61 18 6 19 11 20 3 
1 59 2 4 3 20 4 9 5 45 6 18 7 22 8 36 9 26 10 1 11 36 12 48 13 19 14 39 15 8 16 33 17 20 18 43 19 43 20 30 
1 61 2 76 3 72 4 94 5 66 6 90 7 53 8 25 9 32 10 91 11 31 12 76 13 11 14 31 15 83 16 37 17 7 18 92 19 28 20 28 
1 18 2 40 3 59 4 37 5 96 6 87 7 33 8 57 9 8 10 90 11 29 12 22 13 71 14 38 15 19 16 27 17 75 18 51 19 21 20 63 
1 42 2 81 3 91 4 30 5 55 6 55 7 22 8 88 9 61 10 29 11 38 12 20 13 48 14 10 15 32 16 30 17 21 18 87 19 14 20 50 
1 24 2 97 3 44 4 80 5 11 6 11 7 21 8 34 9 31 10 71 11 65 12 22 13 83 14 86 15 74 16 29 17 34 18 18 19 2 20 77 
1 88 2 14 3 5 4 28 5 93 6 72 7 77 8 63 9 8 10 71 11 53 12 59 13 50 14 21 15 30 16 62 17 9 18 57 19 83 20 58 
1 19 2 90 3 62 4 86 5 59 6 67 7 20 8 78 9 89 10 63 11 27 12 78 13 62 14 79 15 98 16 58 17 26 18 92 19 64 20 33 
1 37 2 98 3 96 4 82 5 92 6 54 7 71 8 79 9 14 10 77 11 1 12 18 13 35 14 99 15 55 16 30 17 95 18 62 19 90 20 91 
1 75 2 54 3 30 4 11 5 80 6 30 7 33 8 7 9 37 10 85 11 77 12 26 13 40 14 98 15 3 16 4 17 35 18 41 19 18 20 8 
1 41 2 90 3 99 4 72 5 73 6 17 7 63 8 98 9 83 10 68 11 71 12 3 13 45 14 93 15 58 16 27 17 29 18 33 19 9 20 46 
1 20 2 86 3 92 4 78 5 86 6 74 7 39 8 21 9 98 10 70 11 60 12 37 13 86 14 50 15 22 16 55 17 68 18 35 19 77 20 15 
1 31 2 35 3 46 4 27 5 74 6 73 7 30 8 11 9 48 10 70 11 57 12 65 13 95 14 67 15 98 16 87 17 81 18 96 19 56 20 62 
1 17 2 95 3 54 4 93 5 86 6 65 7 32 8 51 9 44 10 7 11 35 12 37 13 23 14 97 15 46 16 89 17 81 18 66 19 57 20 9 
1 27 2 46 3 82 4 48 5 84 6 98 7 33 8 14 9 89 10 22 11 13 12 13 13 47 14 24 15 90 16 45 17 80 18 33 19 17 20 33 
1 43 2 95 3 45 4 44 5 51 6 44 7 67 8 87 9 19 10 20 11 9 12 29 13 76 14 83 15 16 16 39 17 36 18 77 19 88 20 52 
1 68 2 10 3 7 4 72 5 22 6 35 7 27 8 28 9 79 10 36 11 51 12 61 13 49 14 18 15 3 16 73 17 6 18 43 19 44 20 72 
1 27 2 80 3 49 4 79 5 41 6 31 7 85 8 49 9 35 10 17 11 50 12 81 13 15 14 78 15 49 16 44 17 33 18 68 19 62 20 18 
1 78 2 28 3 55 4 40 5 45 6 90 7 17 8 16 9 96 10 4 11 96 12 69 13 67 14 80 15 35 16 99 17 51 18 94 19 24 20 12 
1 44 2 95 3 54 4 43 5 27 6 28 7 48 8 11 9 81 10 46 11 8 12 13 13 4 14 48 15 14 16 21 17 14 18 54 19 14 20 46 
1 28 2 30 3 4 4 91 5 63 6 65 7 20 8 48 9 19 10 40 11 71 12 78 13 1 14 8 15 68 16 46 17 3 18 63 19 33 20 88 
1 89 2 80 3 49 4 93 5 91 6 52 7 48 8 86 9 17 10 6 11 53 12 75 13 78 14 13 15 26 16 43 17 79 18 23 19 16 20 7 
1 36 2 96 3 15 4 26 5 15 6 79 7 23 8 55 9 14 10 1 11 19 12 89 13 16 14 19 15 27 16 53 17 39 18 10 19 53 20 48 
1 15 2 87 3 29 4 13 5 27 6 52 7 83 8 99 9 77 10 89 11 71 12 65 13 1 14 34 15 81 16 82 17 24 18 96 19 28 20 48 
1 63 2 44 3 33 4 37 5 10 6 89 7 73 8 63 9 81 10 27 11 13 12 52 13 50 14 81 15 4 16 78 17 49 18 12 19 2 20 6 
1 53 2 92 3 7 4 93 5 37 6 15 7 9 8 6 9 81 10 83 11 59 12 69 13 21 14 71 15 28 16 26 17 80 18 35 19 41 20 95 
1 81 2 78 3 67 4 5 5 80 6 73 7 16 8 72 9 97 10 63 11 17 12 28 13 31 14 64 15 72 16 69 17 60 18 44 19 44 20 66 
1 67 2 48 3 67 4 39 5 15 6 58 7 66 8 43 9 37 10 26 11 60 12 41 13 27 14 43 15 92 16 68 17 17 18 17 19 60 20 43 
1 7 2 79 3 97 4 36 5 91 6 59 7 68 8 65 9 71 10 96 11 90 12 77 13 66 14 12 15 63 16 4 17 58 18 97 19 2 20 22 
1 38 2 86 3 58 4 99 5 55 6 10 7 86 8 58 9 39 10 63 11 34 12 82 13 61 14 20 15 27 16 8 17 34 18 69 19 17 20 17 
1 90 2 46 3 41 4 15 5 68 6 14 7 64 8 93 9 54 10 28 11 21 12 69 13 41 14 95 15 1 16 4 17 86 18 10 19 13 20 87 
1 65 2 6 3 42 4 86 5 78 6 86 7 21 8 62 9 11 10 39 11 63 12 73 13 24 14 1 15 25 16 22 17 86 18 23 19 14 20 40 
1 91 2 26 3 71 4 21 5 75 6 82 7 55 8 45 9 78 10 56 11 24 12 6 13 55 14 54 15 44 16 89 17 38 18 89 19 83 20 59 
1 27 2 10 3 35 4 75 5 62 6 92 7 11 8 48 9 31 10 10 11 64 12 53 13 8 14 94 15 1 16 9 17 14 18 18 19 20 20 89 
1 48 2 76 3 25 4 34 5 80 6 37 7 83 8 85 9 78 10 68 11 27 12 76 13 61 14 79 15 80 16 67 17 96 18 63 19 87 20 69 
1 48 2 26 3 42 4 63 5 70 6 9 7 19 8 93 9 39 10 87 11 67 12 38 13 5 14 12 15 8 16 75 17 43 18 1 19 69 20 38 
1 94 2 93 3 65 4 97 5 76 6 95 7 23 8 80 9 44 10 79 11 66 12 39 13 83 14 5 15 29 16 85 17 43 18 48 19 10 20 91 
1 90 2 3 3 97 4 99 5 52 6 11 7 29 8 46 9 7 10 48 11 99 12 29 13 35 14 39 15 73 16 6 17 74 18 34 19 57 20 87 
1 41 2 8 3 92 4 8 5 7 6 32 7 70 8 67 9 74 10 94 11 5 12 66 13 93 14 73 15 43 16 87 17 21 18 9 19 83 20 30 
1 43 2 66 3 5 4 54 5 61 6 78 7 19 8 75 9 26 10 96 11 25 12 93 13 33 14 19 15 69 16 95 17 56 18 17 19 7 20 42 
1 95 2 49 3 36 4 59 5 44 6 17 7 56 8 86 9 25 10 43 11 37 12 64 13 13 14 67 15 56 16 50 17 8 18 10 19 61 20 89 
1 69 2 89 3 90 4 38 5 98 6 99 7 60 8 85 9 41 10 51 11 67 12 53 13 73 14 54 15 99 16 70 17 17 18 27 19 96 20 81 
1 34 2 29 3 5 4 45 5 78 6 43 7 38 8 27 9 28 10 6 11 55 12 34 13 87 14 6 15 33 16 15 17 75 18 14 19 42 20 31 
1 17 2 4 3 70 4 78 5 44 6 46 7 21 8 76 9 56 10 15 11 84 12 17 13 8 14 76 15 72 16 43 17 71 18 37 19 44 20 2 
1 77 2 77 3 19 4 9 5 60 6 31 7 81 8 15 9 76 10 58 11 4 12 16 13 79 14 32 15 26 16 99 17 22 18 27 19 79 20 30 
1 77 2 99 3 96 4 86 5 7 6 96 7 42 8 59 9 40 10 1 11 64 12 17 13 7 14 67 15 30 16 66 17 38 18 92 19 69 20 98 
1 17 2 46 3 63 4 37 5 27 6 6 7 40 8 15 9 42 10 63 11 54 12 5 13 59 14 55 15 21 16 45 17 37 18 90 19 62 20 36 
1 33 2 53 3 32 4 59 5 28 6 14 7 55 8 88 9 58 10 68 11 65 12 30 13 33 14 84 15 62 16 65 17 88 18 34 19 62 20 59 
Reldue
-1 4640 -1 4
-1 3896 -1 1
-1 5258 -1 3
-1 5522 -1 8
-1 4295 -1 3
-1 5794 -1 8
-1 3290 -1 5
-1 5343 -1 8
-1 3936 -1 9
-1 4920 -1 5
-1 3591 -1 6
-1 3861 -1 8
-1 5611 -1 10
-1 5441 -1 10
-1 3599 -1 9
-1 4801 -1 3
-1 3773 -1 4
-1 4885 -1 10
-1 4316 -1 9
-1 4228 -1 4
-1 5826 -1 10
-1 3237 -1 4
-1 3243 -1 2
-1 5786 -1 6
-1 4992 -1 1
-1 4927 -1 5
-1 2761 -1 1
-1 5834 -1 4
-1 4782 -1 1
-1 5682 -1 3
-1 3524 -1 8
-1 3433 -1 4
-1 4710 -1 5
-1 5014 -1 4
-1 3852 -1 9
-1 5968 -1 6
-1 4056 -1 2
-1 3851 -1 1
-1 5707 -1 6
-1 4967 -1 8
-1 4333 -1 3
-1 4763 -1 10
-1 5614 -1 6
-1 4460 -1 5
-1 3389 -1 4
-1 3854 -1 7
-1 4506 -1 10
-1 4653 -1 2
-1 3637 -1 10
-1 3814 -1 9
-1 3867 -1 4
-1 2800 -1 4
-1 4948 -1 6
-1 5015 -1 8
-1 4584 -1 7
-1 5720 -1 4
-1 4404 -1 6
-1 4714 -1 5
-1 5001 -1 3
-1 3613 -1 6
-1 5979 -1 7
-1 3479 -1 7
-1 3958 -1 2
-1 5823 -1 5
-1 5957 -1 7
-1 3609 -1 9
-1 3285 -1 3
-1 5103 -1 2
-1 5397 -1 9
-1 3674 -1 5
-1 4071 -1 3
-1 3073 -1 2
-1 3598 -1 2
-1 5382 -1 10
-1 4589 -1 7
-1 4516 -1 5
-1 3073 -1 4
-1 3845 -1 8
-1 3363 -1 10
-1 2854 -1 2
-1 3373 -1 7
-1 2951 -1 3
-1 3990 -1 5
-1 4826 -1 9
-1 2876 -1 7
-1 4111 -1 10
-1 3489 -1 10
-1 3665 -1 3
-1 3436 -1 8
-1 3105 -1 3
-1 5943 -1 1
-1 4736 -1 7
-1 3257 -1 5
-1 4244 -1 7
-1 3003 -1 2
-1 4307 -1 8
-1 4591 -1 3
-1 3227 -1 1
-1 4987 -1 6
-1 4053 -1 2
LB 5468
