100 20
1 68 2 85 3 6 4 91 5 9 6 84 7 64 8 49 9 86 10 61 11 50 12 75 13 28 14 14 15 10 16 62 17 16 18 94 19 99 20 60 
1 19 2 15 3 94 4 57 5 10 6 52 7 69 8 54 9 54 10 72 11 60 12 43 13 27 14 67 15 10 16 82 17 16 18 93 19 92 20 64 
1 87 2 32 3 21 4 46 5 22 6 73 7 93 8 29 9 96 10 48 11 11 12 65 13 8 14 46 15 3 16 39 17 72 18 96 19 37 20 90 
1 61 2 92 3 69 4 38 5 67 6 83 7 39 8 55 9 87 10 40 11 47 12 7 13 96 14 33 15 74 16 99 17 8 18 10 19 99 20 43 
1 20 2 60 3 49 4 10 5 17 6 79 7 56 8 56 9 21 10 99 11 88 12 99 13 25 14 7 15 29 16 6 17 67 18 20 19 76 20 12 
1 47 2 93 3 73 4 56 5 90 6 15 7 40 8 16 9 20 10 59 11 44 12 16 13 29 14 33 15 42 16 17 17 75 18 34 19 67 20 71 
1 63 2 8 3 84 4 9 5 35 6 42 7 46 8 23 9 77 10 93 11 86 12 50 13 36 14 30 15 30 16 65 17 49 18 61 19 57 20 71 
1 40 2 25 3 98 4 33 5 25 6 80 7 42 8 15 9 78 10 86 11 61 12 11 13 3 14 30 15 95 16 3 17 13 18 99 19 72 20 8 
1 72 2 55 3 62 4 11 5 36 6 51 7 16 8 53 9 82 10 71 11 52 12 20 13 49 14 69 15 41 16 64 17 69 18 87 19 45 20 49 
1 99 2 68 3 30 4 75 5 47 6 90 7 7 8 91 9 77 10 75 11 59 12 29 13 51 14 13 15 87 16 28 17 82 18 82 19 74 20 20 
1 48 2 93 3 97 4 99 5 25 6 65 7 82 8 45 9 52 10 99 11 40 12 77 13 86 14 34 15 66 16 71 17 58 18 89 19 33 20 22 
1 37 2 73 3 18 4 87 5 1 6 7 7 21 8 6 9 46 10 2 11 82 12 15 13 34 14 83 15 84 16 39 17 16 18 20 19 15 20 44 
1 52 2 85 3 43 4 81 5 85 6 88 7 7 8 44 9 42 10 24 11 9 12 50 13 71 14 91 15 83 16 78 17 2 18 12 19 78 20 5 
1 85 2 27 3 63 4 22 5 43 6 22 7 13 8 91 9 76 10 85 11 72 12 29 13 96 14 51 15 49 16 94 17 20 18 32 19 2 20 5 
1 30 2 60 3 3 4 95 5 74 6 94 7 36 8 46 9 61 10 35 11 62 12 33 13 89 14 53 15 60 16 36 17 82 18 10 19 89 20 66 
1 58 2 7 3 11 4 76 5 44 6 3 7 91 8 34 9 99 10 61 11 82 12 13 13 65 14 23 15 83 16 71 17 86 18 69 19 14 20 41 
1 4 2 33 3 98 4 84 5 70 6 3 7 62 8 86 9 28 10 42 11 41 12 4 13 70 14 55 15 41 16 74 17 79 18 8 19 2 20 62 
1 29 2 78 3 93 4 75 5 8 6 64 7 46 8 52 9 20 10 41 11 47 12 99 13 70 14 11 15 55 16 87 17 87 18 74 19 92 20 52 
1 41 2 62 3 50 4 3 5 27 6 95 7 3 8 76 9 72 10 66 11 25 12 80 13 88 14 37 15 88 16 10 17 47 18 35 19 98 20 7 
1 35 2 94 3 14 4 71 5 40 6 6 7 93 8 37 9 85 10 18 11 78 12 22 13 68 14 84 15 70 16 49 17 14 18 23 19 21 20 34 
1 22 2 98 3 15 4 99 5 47 6 25 7 84 8 66 9 22 10 24 11 41 12 51 13 50 14 31 15 88 16 40 17 36 18 95 19 39 20 35 
1 62 2 53 3 76 4 12 5 26 6 89 7 70 8 54 9 23 10 68 11 99 12 96 13 81 14 72 15 68 16 11 17 63 18 43 19 76 20 75 
1 11 2 22 3 6 4 45 5 21 6 93 7 66 8 27 9 17 10 2 11 44 12 82 13 11 14 73 15 38 16 5 17 5 18 33 19 99 20 62 
1 79 2 60 3 56 4 27 5 71 6 16 7 56 8 45 9 32 10 98 11 98 12 53 13 14 14 34 15 45 16 74 17 69 18 16 19 7 20 34 
1 4 2 76 3 66 4 24 5 54 6 66 7 34 8 10 9 37 10 39 11 76 12 11 13 48 14 25 15 83 16 94 17 97 18 72 19 88 20 14 
1 23 2 52 3 29 4 49 5 51 6 37 7 63 8 27 9 98 10 11 11 83 12 36 13 12 14 19 15 3 16 55 17 2 18 68 19 15 20 59 
1 82 2 69 3 23 4 22 5 76 6 12 7 5 8 39 9 60 10 46 11 39 12 8 13 97 14 63 15 79 16 67 17 13 18 7 19 45 20 96 
1 88 2 52 3 51 4 4 5 37 6 29 7 98 8 58 9 70 10 92 11 84 12 70 13 14 14 37 15 34 16 1 17 90 18 64 19 87 20 16 
1 96 2 19 3 68 4 91 5 55 6 53 7 87 8 2 9 99 10 60 11 1 12 97 13 34 14 23 15 58 16 31 17 14 18 90 19 85 20 39 
1 91 2 35 3 9 4 87 5 42 6 91 7 14 8 95 9 13 10 60 11 71 12 28 13 66 14 19 15 10 16 22 17 32 18 71 19 99 20 6 
1 56 2 17 3 84 4 72 5 61 6 78 7 33 8 57 9 62 10 83 11 49 12 86 13 76 14 43 15 95 16 16 17 69 18 64 19 53 20 15 
1 17 2 82 3 36 4 33 5 82 6 77 7 80 8 4 9 13 10 50 11 23 12 17 13 28 14 10 15 52 16 63 17 92 18 11 19 82 20 59 
1 3 2 20 3 75 4 6 5 59 6 72 7 23 8 12 9 1 10 32 11 53 12 59 13 1 14 84 15 66 16 21 17 74 18 22 19 25 20 17 
1 61 2 34 3 53 4 97 5 64 6 80 7 10 8 5 9 33 10 76 11 56 12 75 13 2 14 66 15 18 16 79 17 34 18 61 19 87 20 86 
1 33 2 48 3 23 4 54 5 68 6 5 7 13 8 10 9 92 10 8 11 39 12 95 13 16 14 74 15 65 16 70 17 26 18 20 19 6 20 85 
1 3 2 24 3 7 4 60 5 83 6 6 7 38 8 58 9 46 10 98 11 71 12 9 13 12 14 9 15 89 16 55 17 14 18 67 19 32 20 48 
1 72 2 96 3 50 4 60 5 93 6 27 7 55 8 59 9 94 10 87 11 97 12 74 13 66 14 22 15 51 16 55 17 70 18 16 19 96 20 11 
1 60 2 22 3 51 4 39 5 53 6 56 7 39 8 89 9 35 10 23 11 78 12 69 13 22 14 65 15 68 16 86 17 43 18 18 19 80 20 26 
1 34 2 82 3 93 4 11 5 47 6 54 7 96 8 84 9 67 10 50 11 96 12 14 13 8 14 11 15 22 16 8 17 40 18 95 19 1 20 26 
1 6 2 62 3 30 4 94 5 69 6 17 7 36 8 43 9 88 10 77 11 87 12 65 13 88 14 58 15 29 16 76 17 30 18 93 19 97 20 48 
1 76 2 88 3 97 4 51 5 20 6 11 7 37 8 33 9 30 10 90 11 49 12 84 13 47 14 67 15 49 16 78 17 33 18 45 19 9 20 59 
1 4 2 76 3 99 4 33 5 94 6 70 7 58 8 23 9 68 10 43 11 36 12 70 13 26 14 33 15 63 16 58 17 75 18 42 19 90 20 2 
1 20 2 45 3 72 4 83 5 99 6 17 7 74 8 76 9 5 10 26 11 80 12 69 13 41 14 94 15 42 16 15 17 71 18 51 19 85 20 76 
1 92 2 80 3 73 4 96 5 3 6 90 7 88 8 69 9 9 10 14 11 65 12 63 13 96 14 40 15 67 16 64 17 63 18 7 19 75 20 69 
1 91 2 37 3 30 4 87 5 34 6 14 7 97 8 84 9 23 10 28 11 56 12 25 13 14 14 66 15 59 16 18 17 24 18 31 19 17 20 52 
1 67 2 30 3 8 4 81 5 60 6 76 7 22 8 50 9 38 10 13 11 89 12 55 13 88 14 83 15 52 16 62 17 75 18 99 19 31 20 38 
1 47 2 87 3 68 4 18 5 53 6 20 7 60 8 17 9 97 10 44 11 97 12 91 13 64 14 20 15 50 16 26 17 24 18 90 19 71 20 21 
1 27 2 20 3 67 4 96 5 11 6 28 7 45 8 99 9 42 10 55 11 45 12 99 13 35 14 11 15 78 16 83 17 23 18 81 19 23 20 23 
1 61 2 85 3 50 4 10 5 89 6 89 7 81 8 2 9 93 10 75 11 43 12 73 13 91 14 92 15 34 16 16 17 85 18 29 19 81 20 74 
1 51 2 36 3 15 4 96 5 36 6 57 7 50 8 53 9 16 10 26 11 14 12 76 13 20 14 53 15 75 16 62 17 25 18 29 19 82 20 89 
1 97 2 9 3 50 4 37 5 65 6 51 7 27 8 9 9 19 10 19 11 36 12 79 13 78 14 99 15 91 16 15 17 86 18 5 19 32 20 66 
1 37 2 12 3 93 4 44 5 11 6 27 7 84 8 16 9 21 10 32 11 1 12 21 13 47 14 97 15 23 16 80 17 24 18 21 19 64 20 84 
1 3 2 79 3 29 4 1 5 46 6 43 7 87 8 71 9 53 10 83 11 7 12 11 13 41 14 47 15 94 16 74 17 40 18 56 19 13 20 77 
1 73 2 56 3 50 4 64 5 21 6 62 7 85 8 84 9 89 10 83 11 65 12 18 13 62 14 79 15 29 16 27 17 12 18 85 19 56 20 76 
1 15 2 66 3 71 4 60 5 94 6 83 7 51 8 28 9 34 10 90 11 70 12 60 13 46 14 32 15 79 16 83 17 54 18 57 19 71 20 71 
1 72 2 37 3 68 4 42 5 93 6 84 7 62 8 47 9 21 10 2 11 5 12 93 13 59 14 81 15 92 16 4 17 37 18 71 19 90 20 84 
1 80 2 60 3 8 4 51 5 72 6 22 7 15 8 71 9 71 10 99 11 47 12 30 13 70 14 30 15 98 16 51 17 60 18 27 19 20 20 34 
1 65 2 19 3 81 4 97 5 76 6 75 7 74 8 27 9 64 10 77 11 21 12 9 13 54 14 48 15 51 16 99 17 25 18 50 19 60 20 33 
1 41 2 72 3 83 4 78 5 1 6 68 7 5 8 46 9 74 10 53 11 90 12 66 13 73 14 99 15 66 16 61 17 77 18 18 19 41 20 18 
1 23 2 47 3 84 4 11 5 40 6 38 7 9 8 39 9 42 10 98 11 42 12 40 13 49 14 83 15 92 16 48 17 77 18 6 19 83 20 80 
1 71 2 75 3 89 4 21 5 89 6 1 7 51 8 92 9 52 10 90 11 98 12 40 13 58 14 58 15 88 16 13 17 90 18 88 19 80 20 81 
1 87 2 39 3 64 4 17 5 40 6 92 7 3 8 73 9 9 10 42 11 15 12 97 13 4 14 12 15 31 16 6 17 6 18 37 19 38 20 69 
1 98 2 55 3 27 4 30 5 14 6 97 7 21 8 59 9 7 10 34 11 87 12 40 13 67 14 28 15 39 16 65 17 78 18 29 19 44 20 90 
1 29 2 13 3 59 4 25 5 76 6 1 7 53 8 11 9 2 10 17 11 53 12 17 13 89 14 50 15 84 16 3 17 78 18 35 19 35 20 60 
1 20 2 11 3 73 4 71 5 34 6 97 7 91 8 46 9 71 10 95 11 93 12 26 13 63 14 65 15 55 16 18 17 59 18 39 19 99 20 12 
1 93 2 8 3 80 4 12 5 6 6 23 7 58 8 31 9 49 10 68 11 78 12 39 13 7 14 19 15 24 16 77 17 91 18 77 19 5 20 69 
1 2 2 87 3 5 4 96 5 97 6 40 7 83 8 10 9 44 10 87 11 41 12 95 13 9 14 89 15 63 16 66 17 55 18 29 19 21 20 3 
1 29 2 34 3 97 4 85 5 70 6 11 7 39 8 22 9 82 10 1 11 80 12 7 13 53 14 72 15 33 16 87 17 96 18 79 19 57 20 34 
1 73 2 24 3 82 4 58 5 57 6 11 7 7 8 22 9 61 10 56 11 84 12 87 13 86 14 65 15 8 16 60 17 59 18 20 19 51 20 56 
1 81 2 66 3 26 4 73 5 92 6 45 7 8 8 90 9 69 10 65 11 99 12 42 13 63 14 22 15 21 16 95 17 43 18 8 19 89 20 5 
1 96 2 28 3 69 4 58 5 26 6 51 7 93 8 1 9 81 10 81 11 55 12 66 13 87 14 79 15 11 16 25 17 2 18 49 19 7 20 3 
1 85 2 44 3 73 4 38 5 61 6 63 7 89 8 81 9 12 10 54 11 11 12 17 13 86 14 17 15 37 16 29 17 93 18 51 19 84 20 40 
1 98 2 47 3 29 4 32 5 12 6 67 7 71 8 40 9 11 10 99 11 24 12 99 13 54 14 4 15 41 16 98 17 95 18 75 19 21 20 54 
1 20 2 53 3 50 4 28 5 73 6 9 7 99 8 6 9 42 10 98 11 28 12 20 13 29 14 70 15 36 16 29 17 11 18 70 19 92 20 36 
1 35 2 87 3 66 4 60 5 58 6 68 7 6 8 9 9 31 10 90 11 69 12 75 13 44 14 1 15 69 16 91 17 15 18 61 19 47 20 45 
1 29 2 34 3 96 4 98 5 33 6 12 7 39 8 72 9 25 10 44 11 23 12 17 13 93 14 34 15 85 16 91 17 14 18 95 19 5 20 43 
1 81 2 32 3 53 4 10 5 72 6 44 7 30 8 56 9 63 10 89 11 45 12 78 13 98 14 38 15 42 16 1 17 96 18 77 19 64 20 22 
1 24 2 18 3 57 4 31 5 97 6 65 7 65 8 95 9 48 10 35 11 36 12 60 13 64 14 72 15 94 16 14 17 47 18 56 19 59 20 48 
1 13 2 86 3 8 4 79 5 72 6 72 7 64 8 62 9 46 10 16 11 49 12 59 13 3 14 8 15 35 16 2 17 15 18 80 19 66 20 75 
1 97 2 81 3 2 4 38 5 49 6 89 7 98 8 82 9 81 10 82 11 91 12 21 13 21 14 28 15 88 16 7 17 66 18 35 19 27 20 87 
1 46 2 94 3 38 4 37 5 27 6 56 7 86 8 94 9 72 10 57 11 75 12 10 13 92 14 88 15 9 16 13 17 79 18 23 19 56 20 47 
1 20 2 9 3 73 4 63 5 48 6 53 7 32 8 8 9 35 10 77 11 17 12 45 13 46 14 40 15 76 16 9 17 74 18 49 19 7 20 42 
1 34 2 44 3 89 4 45 5 70 6 41 7 41 8 72 9 2 10 87 11 90 12 82 13 4 14 88 15 39 16 69 17 4 18 44 19 75 20 32 
1 72 2 22 3 18 4 34 5 92 6 20 7 25 8 28 9 12 10 7 11 29 12 2 13 81 14 86 15 33 16 18 17 91 18 65 19 39 20 76 
1 76 2 14 3 37 4 58 5 46 6 56 7 76 8 72 9 30 10 43 11 21 12 93 13 63 14 7 15 72 16 61 17 66 18 56 19 57 20 69 
1 77 2 4 3 74 4 91 5 86 6 19 7 72 8 27 9 24 10 37 11 17 12 23 13 15 14 17 15 5 16 50 17 76 18 81 19 90 20 63 
1 47 2 70 3 39 4 93 5 98 6 29 7 63 8 27 9 34 10 40 11 14 12 52 13 94 14 11 15 34 16 11 17 66 18 26 19 88 20 66 
1 13 2 63 3 81 4 75 5 77 6 81 7 97 8 24 9 86 10 16 11 8 12 6 13 88 14 19 15 38 16 58 17 52 18 2 19 33 20 34 
1 76 2 15 3 83 4 53 5 11 6 35 7 41 8 59 9 83 10 71 11 5 12 61 13 67 14 88 15 63 16 78 17 79 18 53 19 43 20 77 
1 66 2 44 3 1 4 57 5 89 6 17 7 29 8 90 9 56 10 57 11 71 12 15 13 14 14 72 15 37 16 88 17 75 18 56 19 77 20 15 
1 92 2 63 3 64 4 93 5 6 6 64 7 81 8 86 9 40 10 3 11 16 12 94 13 4 14 98 15 83 16 82 17 52 18 79 19 44 20 48 
1 51 2 37 3 90 4 67 5 61 6 48 7 23 8 24 9 43 10 14 11 38 12 4 13 87 14 11 15 23 16 21 17 21 18 66 19 53 20 54 
1 18 2 83 3 46 4 95 5 61 6 63 7 54 8 55 9 60 10 52 11 18 12 89 13 54 14 19 15 32 16 21 17 77 18 37 19 64 20 20 
1 42 2 60 3 26 4 21 5 26 6 43 7 21 8 95 9 30 10 76 11 34 12 15 13 43 14 36 15 32 16 21 17 27 18 39 19 26 20 24 
1 44 2 14 3 4 4 90 5 81 6 51 7 93 8 19 9 90 10 26 11 60 12 63 13 86 14 10 15 92 16 52 17 62 18 42 19 32 20 5 
1 37 2 3 3 54 4 58 5 25 6 96 7 52 8 96 9 81 10 23 11 32 12 99 13 18 14 84 15 44 16 78 17 66 18 60 19 51 20 14 
1 82 2 3 3 8 4 37 5 78 6 71 7 34 8 61 9 90 10 35 11 15 12 71 13 58 14 17 15 24 16 25 17 83 18 95 19 92 20 40 
1 46 2 7 3 43 4 96 5 22 6 51 7 33 8 79 9 87 10 7 11 48 12 32 13 1 14 84 15 31 16 15 17 43 18 74 19 48 20 63 
1 92 2 44 3 59 4 33 5 15 6 40 7 94 8 61 9 58 10 73 11 26 12 43 13 16 14 6 15 94 16 57 17 58 18 34 19 22 20 92 
1 19 2 88 3 27 4 82 5 97 6 32 7 13 8 97 9 22 10 81 11 95 12 97 13 27 14 26 15 90 16 59 17 79 18 48 19 30 20 30 
Reldue
-1 5575 -1 9
-1 3901 -1 1
-1 3631 -1 5
-1 5736 -1 8
-1 4605 -1 3
-1 3256 -1 2
-1 4077 -1 3
-1 5611 -1 3
-1 3178 -1 8
-1 5165 -1 3
-1 5355 -1 3
-1 5825 -1 1
-1 5170 -1 5
-1 5176 -1 8
-1 3474 -1 1
-1 5127 -1 3
-1 2778 -1 5
-1 4432 -1 7
-1 4400 -1 9
-1 3730 -1 4
-1 5721 -1 10
-1 5133 -1 3
-1 3376 -1 9
-1 5119 -1 5
-1 5106 -1 9
-1 5140 -1 1
-1 4800 -1 1
-1 3105 -1 2
-1 5136 -1 4
-1 3523 -1 9
-1 2747 -1 6
-1 5673 -1 3
-1 5028 -1 9
-1 4498 -1 2
-1 5065 -1 9
-1 4514 -1 8
-1 3897 -1 4
-1 4015 -1 10
-1 4968 -1 4
-1 3678 -1 7
-1 4916 -1 5
-1 3900 -1 8
-1 3603 -1 7
-1 2792 -1 2
-1 2977 -1 1
-1 4578 -1 8
-1 5442 -1 4
-1 2777 -1 6
-1 5735 -1 4
-1 2767 -1 10
-1 2932 -1 2
-1 3571 -1 8
-1 4357 -1 4
-1 3759 -1 2
-1 5556 -1 6
-1 4599 -1 10
-1 3541 -1 2
-1 3767 -1 9
-1 5725 -1 9
-1 3956 -1 5
-1 5529 -1 10
-1 5717 -1 1
-1 3946 -1 8
-1 4492 -1 3
-1 3523 -1 6
-1 3933 -1 9
-1 3511 -1 8
-1 5590 -1 4
-1 4642 -1 10
-1 4630 -1 10
-1 2884 -1 6
-1 5667 -1 4
-1 4496 -1 8
-1 2959 -1 1
-1 4427 -1 2
-1 3933 -1 3
-1 5680 -1 7
-1 4193 -1 9
-1 3451 -1 3
-1 3638 -1 8
-1 3996 -1 2
-1 6010 -1 8
-1 4763 -1 5
-1 5931 -1 4
-1 5367 -1 8
-1 5638 -1 8
-1 3145 -1 2
-1 3683 -1 8
-1 4398 -1 3
-1 5987 -1 7
-1 5598 -1 10
-1 5901 -1 10
-1 3870 -1 9
-1 2779 -1 8
-1 4340 -1 4
-1 5887 -1 8
-1 4496 -1 1
-1 2773 -1 1
-1 4383 -1 3
-1 5848 -1 6
LB 5479
