100 20
1 86 2 35 3 41 4 97 5 25 6 86 7 84 8 98 9 95 10 95 11 76 12 28 13 70 14 21 15 79 16 24 17 65 18 37 19 3 20 16 
1 40 2 96 3 59 4 68 5 33 6 12 7 25 8 4 9 47 10 77 11 79 12 27 13 14 14 23 15 78 16 24 17 32 18 85 19 33 20 51 
1 81 2 85 3 67 4 2 5 66 6 21 7 82 8 60 9 93 10 7 11 85 12 60 13 45 14 30 15 65 16 79 17 60 18 61 19 83 20 48 
1 36 2 5 3 5 4 57 5 79 6 17 7 5 8 80 9 38 10 52 11 43 12 68 13 47 14 79 15 92 16 5 17 12 18 79 19 86 20 27 
1 82 2 34 3 79 4 93 5 21 6 87 7 39 8 15 9 10 10 85 11 44 12 55 13 93 14 90 15 50 16 33 17 89 18 35 19 56 20 7 
1 34 2 23 3 86 4 58 5 19 6 42 7 93 8 19 9 4 10 93 11 44 12 72 13 78 14 20 15 96 16 18 17 66 18 93 19 95 20 58 
1 98 2 98 3 66 4 1 5 92 6 53 7 66 8 60 9 78 10 52 11 6 12 14 13 22 14 42 15 70 16 86 17 74 18 13 19 19 20 47 
1 20 2 50 3 7 4 89 5 73 6 90 7 97 8 59 9 88 10 18 11 31 12 69 13 17 14 84 15 70 16 13 17 39 18 40 19 89 20 32 
1 16 2 52 3 60 4 4 5 84 6 95 7 59 8 15 9 63 10 36 11 11 12 20 13 71 14 87 15 72 16 89 17 27 18 18 19 71 20 93 
1 94 2 66 3 24 4 37 5 75 6 43 7 67 8 72 9 58 10 22 11 77 12 12 13 93 14 52 15 12 16 27 17 48 18 13 19 36 20 49 
1 68 2 8 3 34 4 26 5 15 6 94 7 24 8 46 9 27 10 63 11 79 12 51 13 60 14 8 15 19 16 19 17 36 18 89 19 14 20 50 
1 28 2 95 3 36 4 4 5 44 6 60 7 73 8 45 9 29 10 32 11 25 12 65 13 76 14 94 15 89 16 85 17 59 18 64 19 82 20 27 
1 27 2 77 3 25 4 55 5 4 6 96 7 63 8 23 9 43 10 19 11 22 12 88 13 51 14 49 15 88 16 45 17 81 18 31 19 52 20 21 
1 56 2 33 3 9 4 45 5 6 6 70 7 7 8 77 9 88 10 9 11 78 12 63 13 26 14 82 15 73 16 73 17 59 18 18 19 57 20 35 
1 12 2 85 3 96 4 66 5 7 6 40 7 42 8 77 9 76 10 70 11 51 12 80 13 17 14 80 15 82 16 25 17 72 18 21 19 77 20 22 
1 71 2 23 3 36 4 27 5 82 6 32 7 41 8 91 9 34 10 18 11 46 12 78 13 85 14 12 15 70 16 9 17 28 18 68 19 81 20 15 
1 50 2 75 3 44 4 24 5 96 6 79 7 22 8 62 9 68 10 91 11 62 12 60 13 16 14 91 15 91 16 40 17 50 18 51 19 3 20 99 
1 50 2 12 3 55 4 8 5 5 6 88 7 46 8 74 9 47 10 56 11 63 12 57 13 2 14 85 15 52 16 60 17 6 18 87 19 66 20 57 
1 62 2 92 3 82 4 17 5 98 6 9 7 56 8 16 9 66 10 80 11 72 12 16 13 71 14 46 15 72 16 45 17 87 18 75 19 24 20 42 
1 62 2 45 3 27 4 8 5 55 6 31 7 77 8 47 9 6 10 51 11 79 12 46 13 1 14 64 15 41 16 5 17 69 18 93 19 25 20 18 
1 93 2 40 3 23 4 79 5 23 6 49 7 58 8 28 9 65 10 45 11 46 12 90 13 58 14 26 15 9 16 91 17 36 18 43 19 54 20 97 
1 98 2 75 3 27 4 22 5 84 6 45 7 91 8 39 9 29 10 1 11 2 12 41 13 32 14 52 15 24 16 19 17 44 18 79 19 17 20 50 
1 75 2 99 3 23 4 21 5 57 6 60 7 11 8 90 9 75 10 60 11 11 12 6 13 40 14 97 15 80 16 77 17 7 18 25 19 22 20 53 
1 24 2 50 3 48 4 86 5 10 6 26 7 56 8 28 9 31 10 97 11 33 12 19 13 51 14 40 15 13 16 40 17 73 18 54 19 57 20 80 
1 46 2 2 3 73 4 41 5 27 6 63 7 33 8 18 9 33 10 6 11 95 12 29 13 34 14 24 15 93 16 24 17 88 18 56 19 88 20 44 
1 16 2 29 3 6 4 65 5 89 6 28 7 35 8 16 9 19 10 83 11 67 12 99 13 46 14 16 15 65 16 42 17 59 18 83 19 21 20 89 
1 35 2 83 3 7 4 28 5 4 6 18 7 98 8 55 9 99 10 25 11 16 12 96 13 29 14 78 15 34 16 61 17 40 18 81 19 24 20 25 
1 92 2 91 3 38 4 30 5 43 6 22 7 4 8 1 9 9 10 22 11 81 12 37 13 60 14 4 15 16 16 18 17 26 18 92 19 71 20 56 
1 38 2 25 3 52 4 3 5 39 6 32 7 22 8 59 9 55 10 87 11 61 12 13 13 85 14 86 15 33 16 49 17 36 18 44 19 13 20 63 
1 62 2 33 3 99 4 58 5 57 6 38 7 96 8 90 9 66 10 16 11 24 12 93 13 92 14 49 15 70 16 16 17 39 18 2 19 95 20 30 
1 48 2 76 3 44 4 76 5 46 6 98 7 94 8 63 9 75 10 90 11 33 12 70 13 53 14 41 15 81 16 29 17 91 18 90 19 60 20 36 
1 45 2 87 3 95 4 97 5 24 6 17 7 5 8 13 9 89 10 91 11 37 12 3 13 56 14 83 15 8 16 94 17 18 18 24 19 30 20 14 
1 8 2 85 3 63 4 46 5 25 6 60 7 86 8 64 9 29 10 75 11 34 12 1 13 92 14 38 15 21 16 73 17 57 18 56 19 26 20 61 
1 74 2 93 3 36 4 44 5 12 6 57 7 86 8 47 9 93 10 98 11 17 12 29 13 55 14 56 15 61 16 57 17 55 18 63 19 15 20 2 
1 11 2 62 3 76 4 8 5 52 6 57 7 4 8 31 9 44 10 74 11 90 12 8 13 20 14 59 15 82 16 35 17 35 18 91 19 5 20 84 
1 17 2 53 3 48 4 78 5 39 6 89 7 39 8 77 9 69 10 36 11 28 12 23 13 21 14 50 15 61 16 71 17 34 18 5 19 57 20 79 
1 93 2 64 3 91 4 8 5 79 6 2 7 35 8 98 9 22 10 63 11 66 12 33 13 96 14 4 15 68 16 14 17 82 18 95 19 50 20 67 
1 66 2 38 3 58 4 93 5 67 6 18 7 36 8 79 9 95 10 45 11 55 12 23 13 31 14 16 15 25 16 73 17 66 18 91 19 4 20 89 
1 81 2 56 3 85 4 83 5 6 6 41 7 24 8 19 9 37 10 43 11 35 12 91 13 38 14 62 15 86 16 39 17 97 18 50 19 25 20 57 
1 2 2 10 3 25 4 94 5 81 6 30 7 3 8 84 9 34 10 27 11 40 12 73 13 17 14 6 15 54 16 22 17 16 18 93 19 37 20 84 
1 23 2 59 3 29 4 88 5 99 6 95 7 34 8 1 9 95 10 32 11 36 12 28 13 29 14 89 15 74 16 3 17 12 18 52 19 79 20 98 
1 89 2 74 3 85 4 28 5 66 6 14 7 44 8 81 9 57 10 78 11 29 12 47 13 41 14 43 15 29 16 72 17 79 18 73 19 1 20 51 
1 95 2 75 3 68 4 70 5 74 6 21 7 94 8 10 9 53 10 74 11 88 12 38 13 99 14 51 15 9 16 30 17 89 18 83 19 19 20 33 
1 72 2 94 3 26 4 2 5 75 6 10 7 56 8 28 9 73 10 67 11 63 12 5 13 32 14 69 15 71 16 77 17 35 18 48 19 48 20 60 
1 47 2 83 3 9 4 59 5 64 6 2 7 56 8 4 9 5 10 46 11 48 12 89 13 45 14 93 15 26 16 85 17 44 18 59 19 97 20 49 
1 65 2 56 3 75 4 47 5 47 6 66 7 74 8 25 9 29 10 69 11 63 12 18 13 69 14 76 15 81 16 33 17 85 18 28 19 2 20 52 
1 89 2 85 3 77 4 72 5 80 6 40 7 64 8 1 9 73 10 25 11 69 12 99 13 77 14 78 15 79 16 38 17 76 18 45 19 3 20 30 
1 54 2 14 3 14 4 30 5 7 6 9 7 92 8 44 9 95 10 67 11 34 12 7 13 30 14 81 15 27 16 56 17 88 18 90 19 73 20 12 
1 82 2 92 3 84 4 55 5 6 6 38 7 69 8 18 9 16 10 92 11 28 12 27 13 23 14 80 15 75 16 37 17 98 18 87 19 4 20 24 
1 45 2 52 3 83 4 43 5 77 6 30 7 56 8 69 9 98 10 34 11 43 12 51 13 81 14 39 15 30 16 89 17 44 18 79 19 91 20 53 
1 15 2 81 3 2 4 92 5 40 6 97 7 68 8 69 9 24 10 24 11 65 12 40 13 77 14 77 15 2 16 24 17 41 18 18 19 90 20 28 
1 67 2 65 3 93 4 67 5 44 6 29 7 57 8 70 9 72 10 51 11 88 12 53 13 2 14 83 15 7 16 80 17 32 18 50 19 4 20 30 
1 95 2 34 3 3 4 49 5 85 6 84 7 34 8 62 9 34 10 17 11 8 12 4 13 3 14 21 15 87 16 77 17 46 18 77 19 84 20 11 
1 41 2 18 3 33 4 59 5 18 6 8 7 82 8 45 9 42 10 60 11 35 12 66 13 58 14 66 15 51 16 1 17 1 18 69 19 13 20 98 
1 42 2 14 3 57 4 74 5 16 6 14 7 39 8 37 9 47 10 78 11 27 12 17 13 12 14 12 15 65 16 66 17 75 18 79 19 52 20 51 
1 65 2 53 3 96 4 4 5 8 6 94 7 90 8 57 9 31 10 45 11 40 12 71 13 92 14 33 15 64 16 91 17 16 18 85 19 30 20 84 
1 76 2 3 3 52 4 62 5 30 6 58 7 52 8 32 9 9 10 61 11 2 12 87 13 61 14 12 15 31 16 37 17 27 18 45 19 30 20 64 
1 9 2 76 3 27 4 6 5 39 6 43 7 74 8 16 9 72 10 83 11 84 12 71 13 38 14 86 15 58 16 55 17 47 18 1 19 43 20 79 
1 43 2 37 3 89 4 63 5 46 6 86 7 21 8 88 9 74 10 60 11 58 12 3 13 72 14 28 15 14 16 48 17 70 18 9 19 77 20 34 
1 59 2 91 3 16 4 67 5 74 6 78 7 32 8 26 9 82 10 29 11 33 12 5 13 65 14 29 15 23 16 97 17 83 18 3 19 10 20 23 
1 36 2 41 3 49 4 69 5 65 6 37 7 18 8 41 9 89 10 5 11 4 12 17 13 75 14 98 15 61 16 87 17 6 18 70 19 34 20 82 
1 46 2 65 3 40 4 14 5 12 6 37 7 90 8 80 9 65 10 55 11 72 12 59 13 59 14 92 15 40 16 32 17 91 18 72 19 70 20 39 
1 93 2 9 3 20 4 99 5 45 6 12 7 71 8 17 9 27 10 72 11 39 12 46 13 9 14 48 15 7 16 35 17 12 18 91 19 64 20 11 
1 28 2 67 3 70 4 27 5 82 6 36 7 95 8 94 9 40 10 53 11 32 12 62 13 94 14 79 15 18 16 1 17 58 18 11 19 10 20 54 
1 79 2 82 3 23 4 60 5 94 6 56 7 46 8 14 9 41 10 73 11 80 12 62 13 51 14 9 15 42 16 7 17 14 18 97 19 45 20 21 
1 4 2 69 3 3 4 37 5 90 6 99 7 32 8 3 9 88 10 70 11 71 12 83 13 5 14 33 15 62 16 93 17 27 18 38 19 21 20 24 
1 38 2 19 3 67 4 96 5 88 6 36 7 94 8 28 9 23 10 21 11 1 12 88 13 80 14 51 15 96 16 78 17 94 18 45 19 32 20 13 
1 22 2 23 3 59 4 27 5 92 6 3 7 90 8 36 9 65 10 90 11 91 12 54 13 15 14 94 15 50 16 79 17 29 18 40 19 5 20 62 
1 21 2 11 3 79 4 73 5 29 6 29 7 49 8 92 9 37 10 3 11 46 12 29 13 74 14 8 15 84 16 58 17 3 18 55 19 87 20 68 
1 64 2 33 3 35 4 12 5 25 6 24 7 25 8 67 9 78 10 69 11 76 12 66 13 54 14 87 15 45 16 15 17 87 18 44 19 66 20 9 
1 53 2 8 3 25 4 38 5 98 6 32 7 51 8 31 9 53 10 56 11 69 12 45 13 42 14 22 15 37 16 42 17 26 18 52 19 33 20 41 
1 43 2 67 3 79 4 22 5 87 6 15 7 45 8 80 9 54 10 25 11 93 12 14 13 44 14 82 15 18 16 97 17 49 18 85 19 48 20 5 
1 10 2 7 3 46 4 62 5 29 6 99 7 58 8 68 9 8 10 13 11 53 12 89 13 22 14 21 15 86 16 99 17 90 18 23 19 95 20 29 
1 66 2 77 3 21 4 28 5 15 6 68 7 93 8 77 9 94 10 77 11 86 12 60 13 7 14 62 15 25 16 31 17 76 18 25 19 93 20 6 
1 81 2 73 3 79 4 42 5 74 6 27 7 23 8 35 9 41 10 25 11 86 12 56 13 41 14 34 15 55 16 69 17 72 18 90 19 45 20 44 
1 45 2 13 3 85 4 66 5 98 6 22 7 35 8 67 9 39 10 32 11 51 12 55 13 82 14 24 15 88 16 88 17 96 18 38 19 47 20 57 
1 35 2 70 3 63 4 37 5 74 6 33 7 37 8 54 9 24 10 37 11 65 12 53 13 73 14 7 15 82 16 57 17 96 18 70 19 84 20 33 
1 79 2 94 3 76 4 95 5 78 6 50 7 58 8 60 9 80 10 70 11 92 12 39 13 42 14 27 15 94 16 72 17 83 18 55 19 57 20 9 
1 80 2 67 3 54 4 28 5 98 6 89 7 86 8 59 9 73 10 3 11 76 12 56 13 16 14 51 15 91 16 93 17 71 18 15 19 60 20 87 
1 20 2 55 3 73 4 98 5 4 6 92 7 40 8 96 9 12 10 63 11 51 12 63 13 94 14 94 15 34 16 51 17 12 18 16 19 18 20 57 
1 58 2 88 3 65 4 5 5 39 6 50 7 13 8 79 9 35 10 78 11 69 12 1 13 72 14 25 15 60 16 15 17 73 18 58 19 1 20 33 
1 4 2 31 3 52 4 2 5 9 6 62 7 81 8 79 9 12 10 44 11 3 12 59 13 82 14 55 15 5 16 46 17 93 18 56 19 96 20 37 
1 71 2 26 3 89 4 19 5 16 6 77 7 43 8 38 9 5 10 11 11 45 12 24 13 80 14 46 15 62 16 57 17 91 18 68 19 71 20 86 
1 74 2 19 3 24 4 92 5 76 6 20 7 52 8 67 9 7 10 79 11 23 12 85 13 74 14 70 15 53 16 60 17 47 18 82 19 57 20 98 
1 33 2 69 3 28 4 21 5 18 6 61 7 99 8 55 9 98 10 63 11 73 12 58 13 97 14 19 15 17 16 58 17 10 18 91 19 62 20 40 
1 88 2 54 3 9 4 61 5 57 6 16 7 26 8 86 9 77 10 92 11 82 12 94 13 61 14 15 15 71 16 15 17 53 18 36 19 21 20 84 
1 23 2 38 3 40 4 78 5 74 6 11 7 20 8 20 9 56 10 40 11 11 12 95 13 4 14 89 15 23 16 73 17 65 18 16 19 8 20 97 
1 83 2 65 3 67 4 96 5 96 6 57 7 58 8 60 9 7 10 9 11 64 12 38 13 84 14 50 15 89 16 10 17 38 18 99 19 21 20 4 
1 17 2 81 3 14 4 80 5 82 6 66 7 4 8 71 9 41 10 18 11 42 12 50 13 93 14 81 15 93 16 24 17 94 18 28 19 27 20 9 
1 13 2 95 3 96 4 95 5 86 6 87 7 46 8 24 9 18 10 93 11 16 12 70 13 11 14 78 15 86 16 9 17 52 18 42 19 63 20 47 
1 39 2 10 3 21 4 22 5 1 6 25 7 36 8 75 9 12 10 64 11 39 12 41 13 62 14 25 15 34 16 28 17 22 18 70 19 85 20 76 
1 11 2 48 3 65 4 32 5 71 6 45 7 78 8 57 9 81 10 1 11 76 12 83 13 82 14 98 15 75 16 48 17 1 18 44 19 75 20 40 
1 88 2 87 3 15 4 18 5 75 6 54 7 59 8 45 9 36 10 82 11 22 12 23 13 38 14 32 15 77 16 26 17 45 18 57 19 27 20 1 
1 51 2 91 3 51 4 32 5 21 6 47 7 46 8 47 9 50 10 34 11 82 12 31 13 88 14 42 15 26 16 86 17 6 18 86 19 60 20 63 
1 87 2 17 3 52 4 50 5 91 6 45 7 78 8 13 9 70 10 85 11 39 12 59 13 91 14 83 15 45 16 91 17 36 18 36 19 44 20 1 
1 64 2 59 3 61 4 44 5 89 6 90 7 40 8 79 9 88 10 99 11 43 12 75 13 74 14 87 15 15 16 77 17 44 18 94 19 93 20 10 
1 79 2 57 3 81 4 75 5 71 6 39 7 45 8 32 9 47 10 26 11 33 12 57 13 20 14 49 15 91 16 18 17 71 18 51 19 98 20 29 
1 29 2 60 3 47 4 48 5 88 6 53 7 9 8 6 9 99 10 76 11 22 12 70 13 53 14 94 15 23 16 37 17 34 18 17 19 74 20 43 
1 76 2 43 3 77 4 39 5 28 6 81 7 32 8 74 9 73 10 36 11 15 12 8 13 69 14 18 15 70 16 59 17 76 18 80 19 7 20 42 
1 91 2 10 3 53 4 47 5 65 6 10 7 91 8 81 9 77 10 24 11 33 12 19 13 60 14 93 15 51 16 65 17 77 18 81 19 3 20 14 
Reldue
-1 4710 -1 1
-1 3714 -1 5
-1 4026 -1 10
-1 3862 -1 8
-1 5728 -1 2
-1 2851 -1 7
-1 3536 -1 2
-1 3569 -1 6
-1 4478 -1 6
-1 3778 -1 9
-1 3233 -1 9
-1 3533 -1 8
-1 4545 -1 3
-1 5257 -1 8
-1 3621 -1 4
-1 5243 -1 6
-1 4236 -1 7
-1 3779 -1 1
-1 5239 -1 3
-1 3055 -1 5
-1 5733 -1 2
-1 5723 -1 4
-1 5921 -1 9
-1 3711 -1 5
-1 6041 -1 5
-1 4157 -1 6
-1 2796 -1 3
-1 4918 -1 6
-1 3058 -1 10
-1 4538 -1 10
-1 5249 -1 10
-1 6090 -1 5
-1 3780 -1 8
-1 5429 -1 7
-1 3278 -1 4
-1 5517 -1 1
-1 3720 -1 5
-1 4521 -1 10
-1 5975 -1 8
-1 6075 -1 10
-1 3162 -1 5
-1 4654 -1 4
-1 4419 -1 2
-1 4006 -1 6
-1 5407 -1 8
-1 4002 -1 7
-1 4244 -1 7
-1 4313 -1 10
-1 4174 -1 6
-1 5292 -1 6
-1 4563 -1 4
-1 3624 -1 8
-1 4137 -1 8
-1 3750 -1 1
-1 6083 -1 10
-1 3875 -1 8
-1 5063 -1 10
-1 5040 -1 3
-1 4382 -1 7
-1 4533 -1 9
-1 3307 -1 6
-1 5614 -1 8
-1 3005 -1 4
-1 4355 -1 10
-1 3869 -1 7
-1 3777 -1 3
-1 3364 -1 6
-1 3076 -1 10
-1 3761 -1 4
-1 5294 -1 5
-1 5164 -1 5
-1 4561 -1 8
-1 6140 -1 1
-1 4096 -1 6
-1 3018 -1 6
-1 4536 -1 5
-1 4556 -1 4
-1 5368 -1 1
-1 4171 -1 6
-1 2849 -1 8
-1 4293 -1 5
-1 5320 -1 8
-1 5606 -1 3
-1 5658 -1 8
-1 4911 -1 6
-1 4120 -1 6
-1 4084 -1 7
-1 3922 -1 9
-1 2949 -1 2
-1 3206 -1 6
-1 4132 -1 9
-1 6026 -1 2
-1 4477 -1 6
-1 4739 -1 5
-1 4084 -1 9
-1 4157 -1 6
-1 4520 -1 6
-1 5772 -1 6
-1 4527 -1 1
-1 3995 -1 6
LB 5592
