100 20
1 54 2 63 3 7 4 49 5 66 6 84 7 78 8 91 9 33 10 69 11 99 12 46 13 18 14 56 15 54 16 90 17 53 18 89 19 22 20 31 
1 16 2 43 3 24 4 48 5 92 6 57 7 83 8 48 9 13 10 48 11 17 12 13 13 61 14 77 15 84 16 20 17 30 18 52 19 29 20 82 
1 45 2 18 3 60 4 53 5 71 6 41 7 1 8 79 9 97 10 92 11 46 12 80 13 53 14 29 15 40 16 13 17 47 18 41 19 23 20 59 
1 52 2 64 3 75 4 71 5 55 6 25 7 78 8 23 9 74 10 60 11 66 12 58 13 65 14 12 15 71 16 24 17 49 18 84 19 93 20 87 
1 8 2 34 3 29 4 35 5 1 6 62 7 87 8 25 9 46 10 56 11 36 12 1 13 33 14 7 15 69 16 33 17 4 18 93 19 40 20 87 
1 5 2 16 3 28 4 8 5 10 6 47 7 50 8 76 9 63 10 40 11 97 12 90 13 39 14 42 15 75 16 57 17 38 18 20 19 62 20 24 
1 24 2 38 3 74 4 17 5 37 6 42 7 89 8 7 9 76 10 98 11 55 12 58 13 18 14 78 15 92 16 70 17 9 18 64 19 59 20 94 
1 30 2 62 3 5 4 5 5 92 6 7 7 79 8 14 9 39 10 13 11 39 12 19 13 98 14 29 15 44 16 57 17 40 18 11 19 67 20 83 
1 83 2 78 3 96 4 30 5 56 6 50 7 79 8 34 9 42 10 74 11 71 12 10 13 33 14 6 15 42 16 4 17 97 18 98 19 41 20 21 
1 36 2 91 3 19 4 2 5 80 6 79 7 66 8 44 9 13 10 75 11 61 12 97 13 84 14 95 15 58 16 77 17 64 18 68 19 87 20 98 
1 34 2 45 3 38 4 79 5 3 6 98 7 10 8 77 9 57 10 64 11 42 12 76 13 16 14 92 15 52 16 24 17 70 18 33 19 1 20 56 
1 86 2 56 3 47 4 29 5 56 6 55 7 13 8 54 9 72 10 45 11 4 12 40 13 77 14 86 15 30 16 91 17 86 18 35 19 44 20 93 
1 81 2 61 3 61 4 51 5 29 6 24 7 79 8 21 9 45 10 83 11 1 12 70 13 31 14 28 15 50 16 58 17 32 18 42 19 77 20 84 
1 29 2 89 3 1 4 57 5 54 6 53 7 93 8 82 9 37 10 98 11 9 12 56 13 98 14 19 15 80 16 13 17 99 18 36 19 29 20 35 
1 26 2 16 3 55 4 41 5 36 6 91 7 86 8 46 9 23 10 86 11 99 12 97 13 39 14 56 15 80 16 89 17 36 18 33 19 11 20 41 
1 5 2 43 3 71 4 19 5 10 6 66 7 33 8 66 9 22 10 50 11 18 12 48 13 89 14 10 15 74 16 85 17 63 18 12 19 29 20 48 
1 44 2 48 3 86 4 96 5 38 6 79 7 19 8 7 9 69 10 87 11 53 12 74 13 63 14 77 15 55 16 54 17 19 18 64 19 98 20 15 
1 21 2 2 3 14 4 85 5 77 6 78 7 11 8 47 9 15 10 12 11 86 12 93 13 79 14 74 15 69 16 33 17 49 18 39 19 4 20 83 
1 14 2 81 3 47 4 25 5 63 6 56 7 72 8 75 9 24 10 45 11 49 12 35 13 41 14 42 15 54 16 88 17 82 18 2 19 20 20 86 
1 21 2 50 3 65 4 62 5 67 6 32 7 76 8 1 9 52 10 45 11 43 12 25 13 73 14 17 15 96 16 58 17 23 18 34 19 63 20 55 
1 57 2 46 3 96 4 81 5 89 6 27 7 68 8 49 9 75 10 42 11 41 12 41 13 55 14 81 15 18 16 10 17 99 18 5 19 33 20 43 
1 18 2 27 3 79 4 75 5 76 6 1 7 96 8 31 9 77 10 7 11 38 12 53 13 97 14 52 15 26 16 88 17 87 18 58 19 61 20 54 
1 85 2 77 3 62 4 65 5 71 6 25 7 64 8 87 9 46 10 5 11 78 12 91 13 3 14 43 15 24 16 46 17 87 18 5 19 4 20 12 
1 23 2 81 3 60 4 34 5 21 6 21 7 21 8 8 9 60 10 66 11 29 12 41 13 23 14 48 15 58 16 86 17 24 18 98 19 66 20 93 
1 82 2 68 3 84 4 38 5 32 6 51 7 66 8 81 9 8 10 20 11 16 12 13 13 20 14 4 15 35 16 46 17 15 18 70 19 65 20 52 
1 50 2 25 3 56 4 87 5 2 6 45 7 29 8 94 9 58 10 90 11 13 12 5 13 40 14 88 15 89 16 57 17 1 18 38 19 88 20 8 
1 22 2 35 3 15 4 52 5 71 6 76 7 5 8 41 9 6 10 57 11 97 12 9 13 85 14 69 15 63 16 47 17 40 18 29 19 29 20 10 
1 52 2 87 3 75 4 31 5 49 6 41 7 89 8 45 9 18 10 53 11 64 12 86 13 66 14 90 15 94 16 56 17 16 18 48 19 42 20 8 
1 65 2 49 3 75 4 50 5 35 6 61 7 53 8 16 9 62 10 31 11 38 12 83 13 27 14 18 15 44 16 24 17 62 18 93 19 78 20 71 
1 52 2 90 3 86 4 28 5 26 6 68 7 48 8 21 9 7 10 58 11 24 12 88 13 30 14 73 15 51 16 21 17 25 18 23 19 89 20 68 
1 80 2 28 3 86 4 79 5 67 6 11 7 92 8 63 9 55 10 20 11 99 12 22 13 50 14 38 15 42 16 13 17 35 18 41 19 12 20 30 
1 81 2 83 3 62 4 8 5 62 6 1 7 89 8 60 9 17 10 63 11 61 12 56 13 98 14 72 15 7 16 47 17 83 18 96 19 8 20 89 
1 60 2 33 3 83 4 94 5 6 6 55 7 46 8 55 9 16 10 90 11 29 12 46 13 34 14 4 15 92 16 70 17 39 18 83 19 61 20 55 
1 50 2 45 3 33 4 98 5 82 6 11 7 22 8 83 9 33 10 99 11 75 12 16 13 22 14 67 15 69 16 34 17 43 18 48 19 10 20 42 
1 32 2 35 3 15 4 67 5 17 6 72 7 99 8 24 9 97 10 1 11 93 12 96 13 69 14 73 15 92 16 10 17 66 18 27 19 84 20 55 
1 37 2 50 3 42 4 53 5 38 6 74 7 27 8 8 9 98 10 10 11 89 12 44 13 6 14 88 15 25 16 49 17 44 18 4 19 21 20 12 
1 79 2 78 3 32 4 70 5 89 6 66 7 31 8 55 9 24 10 53 11 60 12 42 13 24 14 89 15 10 16 61 17 92 18 97 19 24 20 38 
1 32 2 50 3 79 4 38 5 23 6 85 7 87 8 27 9 43 10 99 11 82 12 78 13 44 14 88 15 67 16 7 17 56 18 24 19 45 20 88 
1 27 2 83 3 62 4 52 5 80 6 35 7 48 8 11 9 76 10 36 11 23 12 57 13 76 14 8 15 28 16 37 17 64 18 29 19 1 20 80 
1 81 2 44 3 44 4 72 5 39 6 68 7 62 8 28 9 68 10 45 11 15 12 45 13 78 14 81 15 76 16 38 17 95 18 79 19 41 20 14 
1 41 2 43 3 34 4 29 5 15 6 74 7 91 8 21 9 92 10 39 11 22 12 6 13 67 14 86 15 50 16 40 17 48 18 6 19 49 20 33 
1 6 2 7 3 3 4 74 5 14 6 7 7 29 8 13 9 13 10 89 11 39 12 56 13 6 14 31 15 32 16 22 17 4 18 93 19 63 20 79 
1 34 2 76 3 25 4 39 5 4 6 27 7 37 8 97 9 5 10 10 11 36 12 89 13 52 14 93 15 90 16 99 17 64 18 65 19 17 20 40 
1 16 2 59 3 17 4 63 5 13 6 92 7 15 8 6 9 43 10 47 11 73 12 1 13 79 14 75 15 88 16 39 17 86 18 44 19 94 20 61 
1 39 2 27 3 82 4 93 5 77 6 74 7 49 8 78 9 40 10 48 11 55 12 35 13 9 14 93 15 47 16 33 17 10 18 18 19 23 20 73 
1 22 2 95 3 25 4 23 5 37 6 13 7 94 8 22 9 30 10 65 11 50 12 65 13 1 14 85 15 33 16 82 17 46 18 47 19 20 20 88 
1 3 2 82 3 75 4 94 5 50 6 35 7 84 8 73 9 99 10 2 11 25 12 23 13 87 14 77 15 6 16 51 17 43 18 31 19 78 20 80 
1 41 2 30 3 11 4 59 5 50 6 9 7 29 8 31 9 65 10 47 11 89 12 9 13 96 14 27 15 48 16 84 17 26 18 12 19 30 20 98 
1 47 2 78 3 20 4 32 5 52 6 70 7 67 8 22 9 25 10 54 11 71 12 75 13 71 14 30 15 8 16 52 17 77 18 63 19 13 20 2 
1 89 2 33 3 17 4 38 5 93 6 40 7 50 8 86 9 23 10 62 11 78 12 8 13 75 14 76 15 88 16 29 17 28 18 87 19 53 20 6 
1 19 2 47 3 12 4 98 5 96 6 14 7 91 8 10 9 61 10 2 11 79 12 67 13 34 14 74 15 87 16 12 17 38 18 57 19 26 20 35 
1 56 2 68 3 34 4 95 5 96 6 37 7 93 8 91 9 10 10 19 11 85 12 78 13 20 14 73 15 46 16 11 17 5 18 95 19 59 20 96 
1 20 2 12 3 99 4 52 5 46 6 47 7 33 8 71 9 43 10 36 11 57 12 10 13 71 14 10 15 11 16 42 17 61 18 71 19 3 20 55 
1 27 2 1 3 75 4 7 5 61 6 72 7 16 8 98 9 71 10 97 11 4 12 94 13 53 14 5 15 70 16 94 17 91 18 54 19 87 20 19 
1 52 2 15 3 27 4 55 5 55 6 5 7 38 8 69 9 65 10 38 11 65 12 21 13 41 14 54 15 8 16 74 17 98 18 6 19 55 20 75 
1 96 2 92 3 30 4 1 5 97 6 20 7 22 8 49 9 65 10 3 11 77 12 71 13 34 14 96 15 90 16 80 17 66 18 63 19 22 20 94 
1 92 2 50 3 51 4 69 5 27 6 24 7 53 8 95 9 36 10 23 11 18 12 35 13 67 14 57 15 77 16 27 17 88 18 77 19 94 20 6 
1 21 2 10 3 50 4 1 5 46 6 79 7 19 8 68 9 9 10 18 11 40 12 63 13 27 14 1 15 90 16 48 17 3 18 15 19 70 20 75 
1 12 2 93 3 80 4 15 5 99 6 22 7 5 8 50 9 12 10 47 11 11 12 16 13 73 14 96 15 48 16 63 17 79 18 89 19 44 20 71 
1 58 2 81 3 74 4 74 5 66 6 75 7 17 8 18 9 41 10 96 11 86 12 10 13 97 14 50 15 16 16 62 17 8 18 65 19 58 20 3 
1 97 2 78 3 88 4 15 5 15 6 49 7 19 8 14 9 69 10 38 11 23 12 19 13 33 14 35 15 56 16 65 17 49 18 68 19 2 20 7 
1 73 2 65 3 93 4 98 5 79 6 81 7 64 8 84 9 2 10 61 11 71 12 21 13 93 14 83 15 85 16 40 17 47 18 1 19 91 20 28 
1 31 2 55 3 55 4 54 5 59 6 56 7 41 8 17 9 73 10 14 11 59 12 25 13 90 14 91 15 1 16 19 17 85 18 51 19 83 20 76 
1 67 2 80 3 97 4 99 5 8 6 62 7 7 8 84 9 83 10 12 11 79 12 6 13 53 14 15 15 90 16 95 17 72 18 61 19 12 20 30 
1 33 2 78 3 90 4 27 5 90 6 48 7 97 8 28 9 62 10 40 11 50 12 30 13 90 14 65 15 84 16 84 17 6 18 65 19 31 20 3 
1 74 2 84 3 73 4 6 5 20 6 30 7 91 8 99 9 27 10 86 11 38 12 7 13 54 14 67 15 8 16 22 17 73 18 73 19 69 20 64 
1 32 2 29 3 71 4 35 5 91 6 35 7 76 8 32 9 90 10 38 11 84 12 43 13 6 14 39 15 79 16 65 17 77 18 85 19 46 20 53 
1 92 2 9 3 70 4 25 5 40 6 64 7 68 8 50 9 27 10 18 11 23 12 98 13 78 14 23 15 35 16 60 17 94 18 30 19 99 20 28 
1 22 2 22 3 74 4 97 5 73 6 53 7 29 8 65 9 43 10 93 11 75 12 92 13 10 14 68 15 75 16 58 17 12 18 47 19 80 20 47 
1 29 2 20 3 62 4 92 5 25 6 18 7 67 8 15 9 43 10 84 11 40 12 87 13 1 14 83 15 75 16 77 17 42 18 35 19 93 20 51 
1 60 2 32 3 77 4 93 5 35 6 62 7 54 8 50 9 3 10 42 11 63 12 25 13 82 14 62 15 25 16 24 17 45 18 9 19 10 20 38 
1 96 2 75 3 99 4 22 5 34 6 55 7 94 8 3 9 57 10 54 11 54 12 67 13 77 14 82 15 9 16 68 17 37 18 3 19 45 20 67 
1 21 2 66 3 28 4 33 5 13 6 59 7 38 8 38 9 23 10 25 11 61 12 33 13 9 14 7 15 12 16 62 17 34 18 84 19 4 20 20 
1 90 2 63 3 45 4 73 5 90 6 42 7 7 8 38 9 70 10 54 11 58 12 49 13 49 14 35 15 12 16 3 17 24 18 23 19 6 20 93 
1 37 2 99 3 87 4 82 5 30 6 89 7 78 8 89 9 9 10 25 11 70 12 33 13 66 14 29 15 5 16 88 17 22 18 89 19 80 20 68 
1 41 2 50 3 26 4 37 5 18 6 5 7 34 8 99 9 17 10 98 11 59 12 40 13 95 14 2 15 48 16 96 17 16 18 14 19 13 20 49 
1 19 2 52 3 84 4 16 5 33 6 29 7 20 8 83 9 49 10 75 11 84 12 76 13 22 14 5 15 63 16 62 17 39 18 28 19 67 20 43 
1 23 2 15 3 27 4 4 5 68 6 12 7 55 8 97 9 67 10 12 11 5 12 32 13 60 14 98 15 21 16 15 17 83 18 66 19 96 20 93 
1 48 2 44 3 20 4 81 5 46 6 65 7 50 8 80 9 24 10 53 11 87 12 97 13 11 14 86 15 48 16 75 17 43 18 41 19 37 20 98 
1 21 2 65 3 6 4 30 5 99 6 42 7 50 8 78 9 35 10 5 11 98 12 3 13 53 14 37 15 38 16 28 17 30 18 65 19 59 20 46 
1 16 2 95 3 88 4 74 5 66 6 32 7 93 8 69 9 6 10 72 11 78 12 19 13 92 14 8 15 40 16 2 17 88 18 22 19 37 20 77 
1 19 2 85 3 25 4 84 5 76 6 10 7 46 8 3 9 90 10 11 11 43 12 69 13 56 14 71 15 38 16 58 17 32 18 44 19 79 20 87 
1 22 2 7 3 94 4 76 5 93 6 97 7 17 8 31 9 42 10 96 11 68 12 33 13 47 14 60 15 57 16 40 17 62 18 46 19 67 20 34 
1 75 2 23 3 6 4 44 5 92 6 48 7 80 8 31 9 10 10 64 11 44 12 65 13 68 14 62 15 9 16 34 17 40 18 59 19 23 20 37 
1 48 2 3 3 66 4 85 5 1 6 35 7 77 8 89 9 39 10 3 11 59 12 73 13 82 14 44 15 60 16 52 17 38 18 52 19 94 20 31 
1 87 2 80 3 25 4 98 5 99 6 66 7 38 8 63 9 43 10 35 11 30 12 69 13 76 14 73 15 27 16 96 17 9 18 59 19 31 20 5 
1 69 2 76 3 48 4 45 5 48 6 99 7 17 8 86 9 24 10 58 11 31 12 88 13 90 14 49 15 14 16 1 17 35 18 86 19 61 20 77 
1 40 2 42 3 91 4 90 5 3 6 90 7 75 8 68 9 45 10 61 11 17 12 66 13 18 14 10 15 55 16 90 17 55 18 87 19 28 20 37 
1 89 2 56 3 67 4 23 5 32 6 46 7 73 8 57 9 76 10 97 11 45 12 30 13 46 14 15 15 70 16 74 17 17 18 36 19 37 20 24 
1 67 2 97 3 97 4 38 5 31 6 40 7 48 8 55 9 26 10 87 11 94 12 26 13 22 14 88 15 27 16 25 17 19 18 45 19 75 20 92 
1 32 2 57 3 11 4 65 5 18 6 12 7 56 8 79 9 1 10 21 11 33 12 86 13 32 14 41 15 25 16 12 17 85 18 86 19 23 20 72 
1 52 2 59 3 78 4 63 5 14 6 33 7 82 8 56 9 93 10 35 11 95 12 93 13 93 14 65 15 66 16 76 17 31 18 54 19 72 20 15 
1 90 2 23 3 55 4 75 5 44 6 41 7 33 8 88 9 64 10 66 11 77 12 42 13 23 14 41 15 37 16 53 17 43 18 65 19 5 20 52 
1 72 2 95 3 43 4 72 5 86 6 77 7 3 8 83 9 6 10 93 11 23 12 73 13 11 14 29 15 43 16 89 17 43 18 65 19 21 20 47 
1 94 2 75 3 33 4 91 5 97 6 65 7 53 8 32 9 2 10 13 11 97 12 13 13 81 14 56 15 48 16 66 17 30 18 87 19 41 20 90 
1 15 2 38 3 29 4 60 5 43 6 8 7 4 8 70 9 66 10 49 11 90 12 13 13 66 14 24 15 4 16 92 17 22 18 37 19 51 20 84 
1 2 2 63 3 69 4 77 5 99 6 31 7 58 8 30 9 10 10 20 11 60 12 53 13 39 14 94 15 42 16 93 17 51 18 79 19 32 20 35 
1 56 2 68 3 5 4 48 5 49 6 16 7 27 8 31 9 65 10 88 11 6 12 72 13 55 14 76 15 71 16 42 17 86 18 49 19 49 20 81 
1 46 2 4 3 80 4 8 5 91 6 90 7 17 8 25 9 73 10 31 11 19 12 8 13 32 14 37 15 80 16 1 17 35 18 59 19 45 20 74 
1 70 2 45 3 76 4 75 5 72 6 63 7 9 8 87 9 7 10 78 11 64 12 7 13 62 14 5 15 15 16 80 17 5 18 84 19 1 20 54 
Reldue
-1 4362 -1 4
-1 4338 -1 10
-1 5405 -1 7
-1 4969 -1 7
-1 4042 -1 5
-1 3432 -1 1
-1 3316 -1 3
-1 3055 -1 10
-1 3905 -1 5
-1 3426 -1 10
-1 4340 -1 7
-1 5680 -1 4
-1 4462 -1 3
-1 4506 -1 10
-1 3550 -1 3
-1 3135 -1 2
-1 5764 -1 3
-1 3164 -1 5
-1 3878 -1 3
-1 4718 -1 3
-1 5833 -1 5
-1 5139 -1 9
-1 3271 -1 2
-1 5231 -1 9
-1 3622 -1 1
-1 2840 -1 5
-1 3241 -1 2
-1 3035 -1 5
-1 3945 -1 3
-1 5516 -1 10
-1 5492 -1 9
-1 5253 -1 3
-1 5763 -1 4
-1 5238 -1 9
-1 5328 -1 10
-1 4594 -1 9
-1 5497 -1 3
-1 5290 -1 4
-1 3539 -1 10
-1 4519 -1 7
-1 4001 -1 6
-1 4657 -1 9
-1 3405 -1 7
-1 5164 -1 3
-1 5557 -1 9
-1 2997 -1 8
-1 3277 -1 3
-1 3380 -1 1
-1 5113 -1 5
-1 5280 -1 5
-1 4734 -1 1
-1 4452 -1 9
-1 3416 -1 9
-1 2758 -1 6
-1 4561 -1 2
-1 3570 -1 3
-1 5877 -1 7
-1 5058 -1 2
-1 2772 -1 3
-1 3459 -1 2
-1 5580 -1 1
-1 4772 -1 4
-1 3476 -1 10
-1 5432 -1 5
-1 3942 -1 2
-1 3366 -1 1
-1 5350 -1 5
-1 2805 -1 6
-1 3477 -1 3
-1 4913 -1 7
-1 5142 -1 4
-1 4020 -1 6
-1 3461 -1 7
-1 3000 -1 3
-1 4948 -1 6
-1 2835 -1 9
-1 5175 -1 4
-1 3105 -1 10
-1 3068 -1 4
-1 3161 -1 10
-1 3708 -1 1
-1 5374 -1 5
-1 3783 -1 4
-1 3138 -1 5
-1 5889 -1 6
-1 4915 -1 2
-1 5829 -1 1
-1 5300 -1 3
-1 2741 -1 1
-1 4495 -1 5
-1 4252 -1 3
-1 4160 -1 1
-1 2914 -1 2
-1 2709 -1 5
-1 5466 -1 1
-1 5318 -1 3
-1 3072 -1 9
-1 5736 -1 10
-1 4420 -1 4
-1 5851 -1 7
LB 5380
