100 20
1 76 2 28 3 7 4 3 5 4 6 68 7 77 8 49 9 23 10 50 11 53 12 6 13 14 14 90 15 35 16 76 17 75 18 1 19 77 20 14 
1 83 2 90 3 36 4 63 5 36 6 34 7 31 8 64 9 97 10 19 11 87 12 51 13 81 14 85 15 7 16 74 17 46 18 31 19 33 20 28 
1 60 2 90 3 60 4 89 5 80 6 26 7 98 8 57 9 5 10 97 11 69 12 66 13 45 14 38 15 76 16 69 17 54 18 76 19 54 20 48 
1 61 2 97 3 43 4 71 5 71 6 68 7 3 8 29 9 75 10 59 11 60 12 85 13 55 14 56 15 85 16 98 17 21 18 30 19 70 20 52 
1 44 2 33 3 44 4 19 5 71 6 92 7 35 8 54 9 59 10 1 11 38 12 21 13 81 14 68 15 88 16 58 17 55 18 57 19 98 20 69 
1 26 2 45 3 23 4 70 5 10 6 60 7 28 8 29 9 3 10 69 11 49 12 45 13 53 14 69 15 36 16 72 17 55 18 31 19 50 20 37 
1 47 2 11 3 77 4 84 5 73 6 27 7 73 8 23 9 57 10 79 11 69 12 90 13 80 14 5 15 98 16 29 17 21 18 82 19 27 20 5 
1 92 2 20 3 89 4 44 5 94 6 65 7 98 8 69 9 96 10 39 11 38 12 21 13 67 14 91 15 75 16 97 17 96 18 35 19 75 20 51 
1 81 2 18 3 21 4 43 5 40 6 31 7 18 8 71 9 82 10 68 11 16 12 1 13 34 14 45 15 46 16 21 17 27 18 41 19 73 20 89 
1 9 2 16 3 77 4 63 5 48 6 20 7 15 8 31 9 44 10 16 11 15 12 6 13 66 14 16 15 23 16 83 17 20 18 29 19 18 20 90 
1 94 2 31 3 20 4 67 5 99 6 48 7 60 8 9 9 42 10 38 11 58 12 2 13 56 14 37 15 62 16 14 17 81 18 47 19 94 20 82 
1 37 2 11 3 56 4 67 5 16 6 63 7 95 8 37 9 97 10 89 11 52 12 6 13 99 14 64 15 27 16 5 17 31 18 24 19 94 20 54 
1 33 2 28 3 67 4 77 5 69 6 64 7 23 8 30 9 51 10 88 11 51 12 34 13 70 14 84 15 47 16 46 17 92 18 18 19 18 20 86 
1 57 2 97 3 25 4 39 5 54 6 71 7 92 8 69 9 88 10 73 11 56 12 98 13 89 14 60 15 51 16 83 17 72 18 33 19 18 20 33 
1 74 2 65 3 64 4 78 5 48 6 48 7 96 8 65 9 92 10 24 11 62 12 95 13 36 14 32 15 35 16 84 17 29 18 5 19 72 20 14 
1 19 2 19 3 27 4 81 5 52 6 56 7 48 8 57 9 7 10 34 11 9 12 71 13 15 14 55 15 95 16 50 17 4 18 65 19 54 20 38 
1 84 2 36 3 24 4 12 5 6 6 50 7 45 8 27 9 8 10 76 11 35 12 96 13 4 14 49 15 35 16 30 17 75 18 29 19 29 20 64 
1 58 2 85 3 46 4 68 5 47 6 93 7 17 8 62 9 42 10 18 11 57 12 69 13 59 14 33 15 50 16 6 17 50 18 3 19 90 20 52 
1 55 2 64 3 65 4 73 5 91 6 78 7 44 8 92 9 69 10 83 11 77 12 72 13 72 14 10 15 94 16 33 17 52 18 69 19 60 20 49 
1 35 2 83 3 83 4 70 5 98 6 94 7 58 8 64 9 43 10 16 11 48 12 67 13 3 14 75 15 51 16 91 17 39 18 33 19 76 20 56 
1 21 2 57 3 74 4 4 5 42 6 9 7 25 8 53 9 99 10 19 11 31 12 32 13 79 14 93 15 84 16 13 17 88 18 53 19 9 20 72 
1 65 2 63 3 32 4 25 5 26 6 81 7 39 8 40 9 75 10 93 11 85 12 1 13 47 14 82 15 11 16 31 17 96 18 53 19 16 20 62 
1 10 2 35 3 74 4 1 5 35 6 77 7 9 8 97 9 31 10 54 11 79 12 74 13 49 14 62 15 65 16 25 17 30 18 91 19 50 20 80 
1 11 2 97 3 96 4 17 5 19 6 95 7 63 8 5 9 4 10 26 11 76 12 90 13 98 14 38 15 97 16 99 17 63 18 51 19 73 20 22 
1 49 2 76 3 40 4 58 5 33 6 67 7 81 8 93 9 36 10 28 11 22 12 40 13 60 14 90 15 21 16 44 17 55 18 13 19 98 20 53 
1 5 2 39 3 14 4 67 5 16 6 52 7 53 8 85 9 47 10 33 11 41 12 13 13 77 14 8 15 54 16 2 17 95 18 82 19 12 20 4 
1 8 2 42 3 6 4 74 5 81 6 72 7 89 8 26 9 32 10 62 11 22 12 49 13 78 14 10 15 18 16 5 17 99 18 5 19 29 20 88 
1 37 2 8 3 53 4 52 5 30 6 34 7 74 8 83 9 29 10 85 11 92 12 51 13 91 14 73 15 9 16 44 17 92 18 26 19 84 20 12 
1 86 2 20 3 82 4 85 5 94 6 6 7 8 8 58 9 37 10 17 11 21 12 3 13 83 14 88 15 61 16 72 17 87 18 49 19 10 20 87 
1 12 2 46 3 29 4 18 5 83 6 39 7 68 8 50 9 87 10 14 11 20 12 29 13 83 14 65 15 7 16 29 17 37 18 94 19 93 20 35 
1 9 2 1 3 62 4 82 5 90 6 47 7 90 8 40 9 14 10 90 11 13 12 42 13 69 14 78 15 78 16 36 17 22 18 75 19 85 20 69 
1 70 2 96 3 6 4 13 5 87 6 2 7 40 8 46 9 88 10 74 11 30 12 28 13 94 14 82 15 44 16 31 17 17 18 82 19 76 20 56 
1 30 2 8 3 20 4 63 5 82 6 75 7 58 8 55 9 17 10 81 11 63 12 30 13 51 14 75 15 94 16 35 17 55 18 84 19 93 20 7 
1 13 2 45 3 78 4 34 5 70 6 42 7 32 8 2 9 47 10 50 11 41 12 54 13 97 14 19 15 62 16 36 17 52 18 22 19 10 20 61 
1 97 2 20 3 54 4 82 5 93 6 69 7 71 8 45 9 97 10 17 11 84 12 17 13 54 14 14 15 93 16 38 17 73 18 70 19 54 20 53 
1 5 2 87 3 16 4 16 5 64 6 54 7 4 8 18 9 11 10 26 11 88 12 58 13 18 14 62 15 11 16 95 17 35 18 16 19 77 20 21 
1 34 2 48 3 7 4 70 5 55 6 55 7 39 8 48 9 32 10 77 11 94 12 42 13 2 14 40 15 71 16 6 17 27 18 28 19 16 20 31 
1 65 2 52 3 22 4 61 5 86 6 6 7 71 8 67 9 41 10 95 11 33 12 95 13 95 14 30 15 56 16 27 17 81 18 56 19 56 20 67 
1 37 2 37 3 43 4 97 5 26 6 60 7 70 8 95 9 87 10 39 11 47 12 94 13 54 14 36 15 16 16 52 17 85 18 26 19 92 20 37 
1 57 2 65 3 27 4 23 5 9 6 65 7 36 8 69 9 98 10 81 11 54 12 73 13 96 14 54 15 72 16 69 17 85 18 21 19 87 20 60 
1 96 2 10 3 52 4 75 5 60 6 18 7 46 8 71 9 68 10 42 11 33 12 32 13 52 14 75 15 28 16 59 17 32 18 43 19 94 20 51 
1 46 2 56 3 15 4 73 5 89 6 87 7 15 8 74 9 23 10 3 11 16 12 82 13 13 14 40 15 77 16 54 17 98 18 23 19 99 20 47 
1 61 2 27 3 81 4 33 5 53 6 12 7 67 8 46 9 28 10 52 11 91 12 33 13 73 14 1 15 57 16 24 17 5 18 29 19 78 20 51 
1 32 2 66 3 82 4 36 5 42 6 10 7 89 8 6 9 42 10 78 11 51 12 29 13 65 14 44 15 38 16 87 17 52 18 64 19 54 20 13 
1 79 2 37 3 31 4 11 5 57 6 10 7 84 8 80 9 26 10 88 11 98 12 98 13 94 14 19 15 3 16 86 17 35 18 63 19 84 20 15 
1 87 2 35 3 22 4 83 5 60 6 20 7 23 8 41 9 19 10 25 11 81 12 79 13 52 14 85 15 38 16 36 17 36 18 41 19 29 20 99 
1 49 2 37 3 35 4 89 5 7 6 38 7 28 8 64 9 76 10 54 11 6 12 83 13 60 14 55 15 43 16 94 17 50 18 73 19 76 20 54 
1 93 2 9 3 7 4 27 5 27 6 60 7 95 8 38 9 32 10 89 11 53 12 6 13 41 14 82 15 39 16 12 17 37 18 93 19 30 20 3 
1 87 2 17 3 95 4 68 5 17 6 65 7 36 8 52 9 22 10 66 11 57 12 16 13 69 14 58 15 90 16 45 17 91 18 36 19 19 20 86 
1 18 2 41 3 24 4 61 5 72 6 58 7 47 8 57 9 72 10 85 11 29 12 2 13 8 14 58 15 22 16 43 17 24 18 52 19 10 20 8 
1 69 2 35 3 3 4 22 5 10 6 64 7 13 8 81 9 59 10 5 11 77 12 27 13 13 14 58 15 30 16 78 17 88 18 31 19 3 20 89 
1 12 2 55 3 89 4 47 5 79 6 18 7 87 8 65 9 63 10 75 11 1 12 61 13 16 14 31 15 27 16 73 17 93 18 64 19 59 20 26 
1 66 2 35 3 99 4 67 5 96 6 52 7 94 8 25 9 89 10 46 11 18 12 59 13 61 14 67 15 85 16 60 17 57 18 39 19 87 20 47 
1 79 2 79 3 53 4 24 5 65 6 75 7 33 8 75 9 80 10 87 11 87 12 25 13 54 14 34 15 65 16 64 17 76 18 46 19 64 20 41 
1 90 2 50 3 40 4 77 5 79 6 25 7 97 8 13 9 11 10 53 11 22 12 6 13 83 14 54 15 84 16 16 17 59 18 23 19 96 20 79 
1 88 2 51 3 41 4 1 5 81 6 57 7 57 8 89 9 58 10 10 11 97 12 7 13 9 14 27 15 58 16 38 17 84 18 35 19 66 20 55 
1 40 2 19 3 23 4 12 5 80 6 42 7 39 8 36 9 41 10 30 11 76 12 51 13 74 14 38 15 7 16 10 17 30 18 13 19 71 20 56 
1 3 2 73 3 1 4 74 5 53 6 36 7 12 8 82 9 33 10 61 11 57 12 23 13 72 14 4 15 7 16 99 17 86 18 20 19 26 20 59 
1 90 2 12 3 95 4 92 5 75 6 24 7 95 8 67 9 53 10 32 11 35 12 22 13 64 14 63 15 85 16 29 17 22 18 13 19 72 20 14 
1 9 2 11 3 73 4 34 5 71 6 70 7 24 8 54 9 57 10 34 11 73 12 83 13 74 14 25 15 73 16 23 17 97 18 63 19 99 20 27 
1 50 2 17 3 33 4 92 5 4 6 68 7 73 8 64 9 78 10 24 11 73 12 50 13 5 14 16 15 23 16 62 17 18 18 7 19 20 20 17 
1 71 2 72 3 86 4 45 5 60 6 78 7 85 8 2 9 86 10 15 11 94 12 91 13 66 14 32 15 95 16 57 17 48 18 25 19 24 20 85 
1 17 2 77 3 52 4 55 5 17 6 67 7 30 8 4 9 81 10 18 11 24 12 77 13 77 14 16 15 11 16 61 17 40 18 37 19 7 20 6 
1 84 2 65 3 22 4 32 5 44 6 1 7 34 8 87 9 16 10 61 11 72 12 59 13 18 14 22 15 56 16 96 17 24 18 9 19 78 20 26 
1 74 2 3 3 72 4 6 5 48 6 31 7 9 8 77 9 97 10 37 11 74 12 10 13 6 14 78 15 32 16 68 17 11 18 96 19 72 20 49 
1 78 2 38 3 58 4 2 5 68 6 47 7 34 8 75 9 16 10 78 11 11 12 55 13 86 14 13 15 30 16 18 17 71 18 2 19 48 20 28 
1 5 2 49 3 44 4 42 5 88 6 39 7 54 8 38 9 39 10 60 11 71 12 73 13 22 14 4 15 31 16 86 17 65 18 38 19 89 20 38 
1 50 2 63 3 29 4 44 5 53 6 7 7 42 8 11 9 65 10 9 11 54 12 78 13 71 14 37 15 32 16 87 17 26 18 66 19 96 20 1 
1 53 2 24 3 36 4 15 5 15 6 91 7 58 8 82 9 19 10 37 11 74 12 23 13 20 14 19 15 38 16 91 17 2 18 49 19 17 20 46 
1 31 2 41 3 14 4 23 5 44 6 10 7 12 8 79 9 52 10 90 11 55 12 25 13 2 14 86 15 47 16 49 17 56 18 42 19 80 20 1 
1 69 2 18 3 24 4 81 5 77 6 53 7 49 8 59 9 18 10 61 11 96 12 71 13 12 14 51 15 37 16 37 17 35 18 42 19 71 20 45 
1 16 2 71 3 20 4 76 5 43 6 98 7 74 8 43 9 51 10 60 11 67 12 90 13 96 14 40 15 47 16 10 17 25 18 30 19 44 20 40 
1 43 2 34 3 79 4 77 5 48 6 84 7 9 8 53 9 85 10 63 11 23 12 17 13 73 14 5 15 44 16 9 17 86 18 66 19 70 20 61 
1 81 2 66 3 12 4 2 5 46 6 76 7 42 8 4 9 25 10 59 11 88 12 44 13 71 14 79 15 84 16 47 17 89 18 98 19 18 20 52 
1 27 2 45 3 17 4 5 5 92 6 74 7 59 8 75 9 4 10 85 11 59 12 17 13 93 14 38 15 81 16 22 17 67 18 61 19 80 20 42 
1 8 2 29 3 81 4 74 5 97 6 56 7 1 8 65 9 38 10 16 11 76 12 85 13 84 14 82 15 81 16 37 17 67 18 57 19 89 20 98 
1 1 2 13 3 72 4 93 5 12 6 55 7 73 8 15 9 59 10 49 11 11 12 93 13 94 14 10 15 81 16 10 17 62 18 30 19 86 20 80 
1 2 2 74 3 82 4 92 5 13 6 35 7 96 8 28 9 95 10 12 11 21 12 80 13 55 14 77 15 72 16 52 17 36 18 23 19 5 20 27 
1 64 2 14 3 26 4 68 5 37 6 64 7 57 8 82 9 61 10 31 11 25 12 73 13 70 14 71 15 20 16 61 17 88 18 70 19 63 20 16 
1 82 2 51 3 22 4 12 5 69 6 2 7 33 8 58 9 4 10 34 11 43 12 40 13 86 14 49 15 97 16 41 17 20 18 26 19 59 20 25 
1 36 2 90 3 40 4 85 5 9 6 29 7 78 8 26 9 45 10 32 11 19 12 54 13 72 14 83 15 59 16 5 17 8 18 94 19 96 20 10 
1 83 2 36 3 22 4 26 5 41 6 76 7 54 8 70 9 81 10 39 11 33 12 64 13 61 14 20 15 15 16 70 17 77 18 36 19 88 20 70 
1 14 2 63 3 32 4 14 5 62 6 25 7 83 8 60 9 88 10 6 11 6 12 52 13 98 14 44 15 24 16 43 17 97 18 87 19 9 20 3 
1 74 2 43 3 41 4 10 5 81 6 29 7 27 8 12 9 57 10 82 11 6 12 61 13 88 14 22 15 70 16 72 17 74 18 33 19 93 20 61 
1 90 2 45 3 72 4 62 5 44 6 76 7 70 8 63 9 7 10 2 11 40 12 5 13 5 14 24 15 1 16 85 17 96 18 39 19 28 20 67 
1 41 2 39 3 51 4 63 5 3 6 35 7 80 8 77 9 48 10 16 11 70 12 13 13 42 14 6 15 86 16 94 17 43 18 61 19 36 20 20 
1 56 2 79 3 82 4 21 5 32 6 10 7 97 8 4 9 71 10 20 11 6 12 22 13 97 14 49 15 1 16 62 17 93 18 97 19 46 20 23 
1 65 2 49 3 30 4 52 5 3 6 43 7 66 8 14 9 7 10 85 11 43 12 44 13 59 14 73 15 62 16 72 17 78 18 65 19 60 20 73 
1 73 2 40 3 60 4 8 5 89 6 45 7 82 8 76 9 49 10 30 11 66 12 18 13 35 14 19 15 41 16 4 17 80 18 16 19 87 20 18 
1 13 2 31 3 95 4 60 5 73 6 38 7 46 8 17 9 58 10 52 11 31 12 46 13 6 14 23 15 29 16 10 17 10 18 68 19 85 20 20 
1 13 2 92 3 29 4 5 5 1 6 3 7 98 8 20 9 52 10 4 11 8 12 68 13 12 14 98 15 8 16 2 17 29 18 57 19 75 20 11 
1 2 2 84 3 70 4 17 5 75 6 85 7 1 8 30 9 92 10 42 11 81 12 18 13 58 14 20 15 19 16 28 17 79 18 42 19 55 20 31 
1 93 2 47 3 43 4 29 5 53 6 62 7 87 8 19 9 54 10 67 11 12 12 45 13 70 14 10 15 46 16 49 17 58 18 92 19 38 20 19 
1 77 2 77 3 15 4 83 5 60 6 29 7 43 8 21 9 56 10 30 11 54 12 88 13 93 14 42 15 11 16 4 17 57 18 79 19 46 20 36 
1 76 2 88 3 33 4 29 5 59 6 34 7 65 8 45 9 64 10 50 11 8 12 23 13 7 14 58 15 82 16 58 17 74 18 72 19 46 20 51 
1 38 2 22 3 82 4 14 5 17 6 14 7 37 8 29 9 65 10 38 11 33 12 38 13 98 14 57 15 19 16 91 17 55 18 56 19 11 20 81 
1 71 2 74 3 71 4 47 5 68 6 33 7 29 8 38 9 93 10 4 11 89 12 85 13 50 14 69 15 81 16 60 17 15 18 32 19 44 20 37 
1 13 2 99 3 45 4 92 5 7 6 21 7 49 8 72 9 31 10 69 11 14 12 83 13 9 14 45 15 91 16 98 17 6 18 21 19 21 20 84 
1 21 2 25 3 33 4 63 5 33 6 11 7 27 8 59 9 35 10 55 11 15 12 84 13 90 14 30 15 9 16 70 17 29 18 19 19 11 20 25 
1 66 2 97 3 82 4 5 5 29 6 79 7 48 8 67 9 96 10 52 11 20 12 68 13 42 14 92 15 46 16 39 17 84 18 50 19 50 20 18 
Reldue
-1 4603 -1 9
-1 3891 -1 4
-1 3883 -1 6
-1 4263 -1 4
-1 4393 -1 1
-1 4820 -1 1
-1 4524 -1 2
-1 4201 -1 7
-1 4589 -1 8
-1 4683 -1 9
-1 3759 -1 10
-1 4585 -1 6
-1 3653 -1 5
-1 4403 -1 2
-1 5646 -1 3
-1 5214 -1 8
-1 5206 -1 5
-1 6096 -1 2
-1 5795 -1 1
-1 3000 -1 1
-1 3352 -1 9
-1 4793 -1 9
-1 5060 -1 1
-1 3771 -1 4
-1 4183 -1 2
-1 6101 -1 10
-1 4942 -1 4
-1 2890 -1 2
-1 3622 -1 8
-1 5633 -1 1
-1 4042 -1 6
-1 4189 -1 8
-1 5891 -1 10
-1 3957 -1 6
-1 3413 -1 1
-1 5353 -1 6
-1 5173 -1 9
-1 5054 -1 4
-1 3512 -1 2
-1 3561 -1 2
-1 4681 -1 9
-1 5691 -1 3
-1 5983 -1 7
-1 5563 -1 4
-1 4930 -1 8
-1 6165 -1 10
-1 2897 -1 5
-1 5447 -1 6
-1 4501 -1 6
-1 3523 -1 8
-1 3481 -1 7
-1 4805 -1 7
-1 3806 -1 9
-1 3257 -1 9
-1 3213 -1 8
-1 5639 -1 6
-1 3412 -1 6
-1 3528 -1 7
-1 4660 -1 5
-1 5497 -1 7
-1 5023 -1 3
-1 4111 -1 5
-1 3456 -1 10
-1 5737 -1 7
-1 3523 -1 8
-1 2879 -1 5
-1 4578 -1 8
-1 6196 -1 1
-1 3878 -1 1
-1 3623 -1 9
-1 4583 -1 5
-1 5517 -1 1
-1 5392 -1 3
-1 3311 -1 1
-1 4941 -1 2
-1 2967 -1 8
-1 6103 -1 1
-1 3454 -1 8
-1 3905 -1 3
-1 3248 -1 8
-1 2990 -1 2
-1 3426 -1 2
-1 3002 -1 8
-1 5412 -1 10
-1 4404 -1 6
-1 5621 -1 6
-1 4406 -1 3
-1 6183 -1 9
-1 3015 -1 4
-1 3311 -1 7
-1 4067 -1 6
-1 2949 -1 4
-1 5894 -1 9
-1 5070 -1 5
-1 5956 -1 3
-1 4442 -1 8
-1 4580 -1 9
-1 5407 -1 10
-1 6003 -1 5
-1 2949 -1 4
LB 5700
