100 20
1 20 2 57 3 73 4 32 5 57 6 38 7 25 8 26 9 14 10 3 11 64 12 43 13 98 14 47 15 11 16 50 17 5 18 63 19 55 20 32 
1 84 2 16 3 80 4 33 5 86 6 52 7 77 8 4 9 91 10 77 11 63 12 72 13 94 14 99 15 40 16 60 17 54 18 34 19 67 20 80 
1 49 2 52 3 6 4 43 5 20 6 54 7 97 8 24 9 24 10 53 11 82 12 18 13 24 14 97 15 8 16 29 17 9 18 30 19 74 20 17 
1 69 2 61 3 8 4 65 5 26 6 96 7 62 8 35 9 51 10 16 11 52 12 76 13 2 14 54 15 42 16 29 17 54 18 2 19 68 20 15 
1 27 2 47 3 58 4 86 5 45 6 40 7 32 8 36 9 85 10 32 11 14 12 47 13 5 14 81 15 35 16 25 17 17 18 14 19 72 20 70 
1 55 2 46 3 76 4 3 5 83 6 80 7 92 8 92 9 1 10 11 11 44 12 17 13 68 14 43 15 23 16 94 17 36 18 62 19 88 20 7 
1 31 2 88 3 52 4 3 5 52 6 27 7 88 8 65 9 99 10 23 11 84 12 71 13 48 14 82 15 5 16 93 17 82 18 25 19 35 20 95 
1 77 2 97 3 37 4 48 5 97 6 8 7 36 8 21 9 54 10 84 11 33 12 95 13 63 14 29 15 6 16 73 17 51 18 19 19 42 20 17 
1 53 2 88 3 58 4 4 5 86 6 68 7 61 8 12 9 97 10 82 11 88 12 73 13 78 14 87 15 87 16 58 17 29 18 31 19 91 20 85 
1 14 2 14 3 69 4 57 5 90 6 69 7 15 8 48 9 85 10 67 11 63 12 44 13 51 14 43 15 67 16 44 17 20 18 52 19 34 20 56 
1 1 2 53 3 87 4 14 5 26 6 47 7 91 8 48 9 79 10 93 11 41 12 26 13 2 14 61 15 21 16 14 17 12 18 92 19 35 20 30 
1 54 2 47 3 19 4 31 5 13 6 26 7 28 8 25 9 63 10 33 11 10 12 40 13 33 14 94 15 86 16 61 17 86 18 93 19 63 20 52 
1 59 2 59 3 38 4 82 5 7 6 74 7 59 8 39 9 63 10 34 11 47 12 85 13 67 14 58 15 39 16 56 17 14 18 65 19 54 20 18 
1 95 2 97 3 36 4 41 5 55 6 15 7 26 8 81 9 25 10 91 11 77 12 43 13 86 14 53 15 30 16 53 17 52 18 90 19 37 20 75 
1 97 2 46 3 57 4 52 5 98 6 82 7 26 8 49 9 62 10 58 11 92 12 99 13 49 14 72 15 61 16 55 17 50 18 23 19 29 20 11 
1 20 2 77 3 98 4 28 5 43 6 46 7 33 8 2 9 47 10 70 11 82 12 1 13 2 14 67 15 57 16 82 17 58 18 46 19 81 20 29 
1 18 2 57 3 6 4 1 5 16 6 11 7 98 8 99 9 26 10 88 11 95 12 89 13 67 14 37 15 88 16 91 17 47 18 18 19 70 20 93 
1 18 2 10 3 98 4 91 5 31 6 24 7 8 8 42 9 52 10 66 11 58 12 73 13 88 14 74 15 60 16 48 17 71 18 49 19 19 20 1 
1 69 2 79 3 45 4 34 5 21 6 8 7 47 8 36 9 6 10 92 11 32 12 55 13 71 14 59 15 13 16 64 17 82 18 82 19 61 20 77 
1 43 2 28 3 57 4 73 5 18 6 27 7 51 8 73 9 58 10 88 11 31 12 19 13 59 14 21 15 63 16 92 17 70 18 46 19 64 20 45 
1 26 2 6 3 35 4 92 5 93 6 40 7 1 8 9 9 83 10 3 11 87 12 79 13 69 14 45 15 23 16 50 17 98 18 78 19 61 20 29 
1 1 2 85 3 54 4 51 5 46 6 80 7 47 8 32 9 85 10 92 11 61 12 66 13 62 14 61 15 86 16 2 17 55 18 25 19 67 20 63 
1 56 2 63 3 14 4 10 5 32 6 46 7 23 8 42 9 17 10 58 11 44 12 35 13 20 14 71 15 12 16 20 17 37 18 60 19 35 20 57 
1 65 2 32 3 6 4 40 5 61 6 59 7 37 8 43 9 77 10 48 11 86 12 36 13 63 14 7 15 72 16 64 17 48 18 43 19 9 20 43 
1 15 2 56 3 41 4 15 5 6 6 60 7 66 8 68 9 39 10 17 11 27 12 54 13 70 14 93 15 46 16 77 17 62 18 21 19 90 20 18 
1 35 2 59 3 79 4 83 5 59 6 11 7 25 8 95 9 17 10 98 11 3 12 29 13 43 14 33 15 89 16 34 17 12 18 38 19 44 20 44 
1 4 2 15 3 13 4 46 5 39 6 80 7 26 8 11 9 64 10 77 11 14 12 53 13 70 14 95 15 86 16 31 17 23 18 19 19 28 20 6 
1 31 2 62 3 64 4 33 5 43 6 89 7 94 8 88 9 98 10 28 11 85 12 75 13 86 14 18 15 23 16 80 17 99 18 65 19 82 20 56 
1 10 2 67 3 72 4 7 5 84 6 35 7 30 8 67 9 78 10 7 11 10 12 42 13 12 14 4 15 27 16 91 17 84 18 64 19 23 20 88 
1 56 2 17 3 3 4 34 5 46 6 77 7 34 8 83 9 46 10 46 11 35 12 79 13 22 14 63 15 15 16 25 17 45 18 99 19 13 20 32 
1 89 2 72 3 78 4 95 5 71 6 35 7 64 8 94 9 35 10 65 11 9 12 4 13 29 14 28 15 81 16 87 17 98 18 15 19 19 20 30 
1 97 2 85 3 92 4 92 5 77 6 56 7 4 8 11 9 72 10 68 11 30 12 28 13 9 14 59 15 52 16 83 17 20 18 40 19 27 20 5 
1 87 2 16 3 54 4 9 5 25 6 23 7 53 8 67 9 3 10 24 11 33 12 12 13 6 14 39 15 87 16 81 17 43 18 71 19 11 20 22 
1 63 2 64 3 88 4 38 5 44 6 82 7 23 8 10 9 24 10 93 11 10 12 27 13 39 14 62 15 28 16 76 17 12 18 77 19 49 20 17 
1 95 2 27 3 31 4 10 5 93 6 3 7 21 8 27 9 83 10 91 11 12 12 97 13 34 14 45 15 36 16 13 17 80 18 43 19 6 20 33 
1 7 2 70 3 26 4 2 5 78 6 20 7 89 8 15 9 14 10 36 11 28 12 17 13 65 14 4 15 9 16 5 17 6 18 18 19 31 20 98 
1 69 2 97 3 8 4 8 5 17 6 44 7 17 8 74 9 53 10 89 11 65 12 60 13 31 14 12 15 95 16 71 17 70 18 76 19 7 20 51 
1 69 2 20 3 79 4 23 5 93 6 33 7 79 8 36 9 9 10 88 11 93 12 34 13 3 14 67 15 16 16 5 17 24 18 78 19 82 20 54 
1 51 2 33 3 51 4 23 5 83 6 15 7 76 8 65 9 89 10 41 11 40 12 3 13 49 14 58 15 33 16 73 17 41 18 27 19 65 20 5 
1 63 2 14 3 13 4 67 5 60 6 69 7 16 8 8 9 60 10 75 11 21 12 36 13 2 14 69 15 52 16 12 17 49 18 62 19 12 20 43 
1 44 2 74 3 2 4 86 5 50 6 7 7 19 8 34 9 89 10 94 11 31 12 75 13 72 14 35 15 27 16 24 17 76 18 30 19 37 20 81 
1 29 2 97 3 97 4 92 5 71 6 49 7 72 8 3 9 4 10 93 11 94 12 58 13 7 14 6 15 70 16 69 17 67 18 88 19 97 20 61 
1 3 2 27 3 30 4 98 5 14 6 6 7 30 8 63 9 30 10 56 11 99 12 86 13 83 14 72 15 90 16 88 17 14 18 6 19 65 20 44 
1 13 2 13 3 45 4 45 5 72 6 45 7 58 8 25 9 14 10 63 11 6 12 79 13 40 14 17 15 94 16 52 17 67 18 20 19 71 20 86 
1 81 2 61 3 77 4 65 5 3 6 73 7 46 8 38 9 59 10 24 11 17 12 98 13 45 14 62 15 93 16 70 17 99 18 8 19 69 20 42 
1 29 2 31 3 8 4 21 5 66 6 58 7 62 8 23 9 77 10 4 11 45 12 12 13 77 14 8 15 24 16 34 17 64 18 96 19 77 20 52 
1 57 2 59 3 99 4 30 5 98 6 61 7 90 8 5 9 89 10 67 11 4 12 70 13 54 14 43 15 38 16 25 17 32 18 86 19 90 20 73 
1 60 2 32 3 79 4 94 5 20 6 21 7 90 8 83 9 81 10 95 11 82 12 14 13 92 14 64 15 5 16 14 17 23 18 86 19 33 20 13 
1 16 2 90 3 46 4 2 5 93 6 13 7 15 8 42 9 74 10 43 11 94 12 35 13 80 14 95 15 37 16 12 17 73 18 56 19 81 20 87 
1 65 2 87 3 42 4 1 5 60 6 9 7 71 8 4 9 95 10 20 11 72 12 61 13 82 14 63 15 4 16 9 17 96 18 35 19 71 20 57 
1 94 2 92 3 1 4 96 5 28 6 39 7 31 8 15 9 8 10 2 11 14 12 84 13 55 14 95 15 34 16 70 17 15 18 18 19 3 20 62 
1 73 2 99 3 13 4 25 5 99 6 8 7 83 8 10 9 44 10 68 11 50 12 80 13 68 14 54 15 87 16 84 17 32 18 33 19 1 20 6 
1 52 2 17 3 15 4 36 5 47 6 58 7 52 8 6 9 16 10 62 11 33 12 56 13 13 14 25 15 10 16 89 17 70 18 65 19 72 20 11 
1 41 2 27 3 76 4 62 5 63 6 20 7 17 8 24 9 23 10 10 11 29 12 28 13 46 14 24 15 24 16 3 17 12 18 78 19 82 20 39 
1 82 2 11 3 68 4 24 5 20 6 85 7 94 8 97 9 14 10 40 11 65 12 86 13 21 14 31 15 72 16 36 17 20 18 77 19 89 20 40 
1 81 2 38 3 6 4 92 5 60 6 96 7 20 8 54 9 16 10 30 11 82 12 54 13 95 14 36 15 82 16 26 17 34 18 77 19 79 20 28 
1 46 2 18 3 98 4 11 5 82 6 16 7 42 8 76 9 7 10 49 11 1 12 64 13 70 14 56 15 63 16 27 17 69 18 1 19 68 20 88 
1 75 2 21 3 73 4 56 5 33 6 85 7 21 8 96 9 66 10 80 11 47 12 28 13 37 14 60 15 98 16 34 17 96 18 41 19 41 20 83 
1 46 2 60 3 36 4 72 5 79 6 57 7 32 8 83 9 44 10 8 11 42 12 97 13 6 14 31 15 36 16 41 17 17 18 25 19 44 20 99 
1 24 2 63 3 17 4 23 5 48 6 42 7 23 8 13 9 89 10 9 11 96 12 14 13 48 14 74 15 99 16 81 17 5 18 62 19 67 20 68 
1 11 2 81 3 77 4 99 5 4 6 53 7 13 8 74 9 66 10 8 11 54 12 9 13 10 14 51 15 59 16 95 17 1 18 99 19 57 20 42 
1 18 2 9 3 84 4 60 5 78 6 17 7 6 8 76 9 21 10 40 11 9 12 12 13 48 14 20 15 92 16 54 17 35 18 69 19 75 20 85 
1 29 2 79 3 39 4 41 5 75 6 63 7 3 8 79 9 46 10 40 11 88 12 16 13 35 14 20 15 85 16 46 17 62 18 13 19 83 20 34 
1 36 2 65 3 95 4 87 5 92 6 94 7 89 8 47 9 59 10 31 11 2 12 16 13 63 14 39 15 87 16 40 17 52 18 34 19 54 20 73 
1 88 2 87 3 50 4 21 5 6 6 4 7 76 8 85 9 78 10 98 11 81 12 31 13 99 14 98 15 22 16 88 17 55 18 50 19 84 20 39 
1 1 2 31 3 85 4 19 5 50 6 22 7 6 8 94 9 3 10 95 11 25 12 41 13 9 14 26 15 99 16 61 17 87 18 32 19 67 20 82 
1 80 2 39 3 7 4 4 5 74 6 98 7 40 8 38 9 56 10 19 11 30 12 53 13 91 14 38 15 1 16 3 17 80 18 77 19 83 20 33 
1 22 2 90 3 21 4 19 5 49 6 8 7 63 8 29 9 14 10 22 11 50 12 36 13 44 14 34 15 93 16 60 17 42 18 25 19 74 20 3 
1 44 2 57 3 9 4 26 5 47 6 55 7 17 8 84 9 49 10 86 11 81 12 25 13 23 14 97 15 61 16 83 17 50 18 21 19 66 20 19 
1 10 2 30 3 27 4 50 5 23 6 95 7 76 8 28 9 24 10 15 11 95 12 28 13 34 14 83 15 4 16 33 17 51 18 91 19 86 20 24 
1 45 2 73 3 61 4 75 5 96 6 64 7 17 8 64 9 40 10 23 11 58 12 83 13 23 14 29 15 40 16 70 17 64 18 13 19 93 20 91 
1 15 2 25 3 74 4 87 5 99 6 23 7 46 8 19 9 35 10 71 11 49 12 45 13 15 14 34 15 76 16 91 17 93 18 12 19 78 20 1 
1 30 2 47 3 59 4 25 5 43 6 55 7 2 8 51 9 77 10 80 11 97 12 60 13 9 14 33 15 88 16 7 17 76 18 82 19 24 20 64 
1 16 2 75 3 66 4 64 5 30 6 91 7 81 8 80 9 50 10 26 11 44 12 70 13 85 14 48 15 51 16 27 17 53 18 69 19 50 20 81 
1 10 2 23 3 97 4 52 5 57 6 50 7 78 8 74 9 42 10 50 11 45 12 70 13 32 14 30 15 32 16 75 17 13 18 50 19 17 20 89 
1 52 2 31 3 35 4 56 5 45 6 50 7 75 8 66 9 70 10 5 11 51 12 50 13 55 14 8 15 67 16 65 17 9 18 29 19 10 20 13 
1 58 2 24 3 52 4 64 5 94 6 76 7 37 8 60 9 31 10 20 11 11 12 83 13 6 14 94 15 13 16 84 17 53 18 95 19 64 20 97 
1 40 2 28 3 22 4 19 5 65 6 44 7 97 8 25 9 81 10 17 11 30 12 84 13 91 14 34 15 73 16 46 17 90 18 36 19 6 20 97 
1 71 2 10 3 82 4 77 5 99 6 18 7 29 8 59 9 57 10 77 11 44 12 25 13 69 14 24 15 38 16 36 17 66 18 77 19 30 20 81 
1 75 2 79 3 8 4 2 5 24 6 99 7 71 8 87 9 95 10 59 11 11 12 47 13 23 14 55 15 82 16 46 17 9 18 43 19 46 20 2 
1 84 2 51 3 6 4 68 5 25 6 11 7 27 8 27 9 63 10 98 11 4 12 78 13 25 14 26 15 26 16 93 17 97 18 24 19 63 20 20 
1 18 2 60 3 49 4 60 5 47 6 24 7 8 8 54 9 9 10 37 11 15 12 15 13 62 14 14 15 24 16 49 17 27 18 63 19 95 20 12 
1 4 2 13 3 64 4 61 5 2 6 96 7 12 8 92 9 63 10 92 11 88 12 84 13 86 14 9 15 85 16 63 17 12 18 66 19 52 20 26 
1 7 2 42 3 41 4 21 5 88 6 66 7 62 8 49 9 27 10 90 11 30 12 94 13 43 14 81 15 7 16 96 17 47 18 64 19 8 20 56 
1 85 2 41 3 51 4 14 5 69 6 40 7 25 8 39 9 90 10 76 11 47 12 25 13 79 14 64 15 77 16 34 17 50 18 54 19 35 20 30 
1 10 2 20 3 28 4 65 5 89 6 83 7 53 8 19 9 8 10 71 11 60 12 13 13 3 14 42 15 19 16 42 17 16 18 43 19 31 20 31 
1 97 2 41 3 45 4 76 5 41 6 54 7 87 8 16 9 80 10 63 11 44 12 91 13 65 14 61 15 61 16 4 17 53 18 65 19 19 20 62 
1 53 2 12 3 56 4 70 5 41 6 81 7 22 8 71 9 15 10 68 11 95 12 15 13 36 14 30 15 30 16 69 17 46 18 58 19 98 20 73 
1 83 2 77 3 55 4 55 5 6 6 41 7 52 8 96 9 29 10 27 11 28 12 31 13 22 14 48 15 79 16 71 17 56 18 91 19 47 20 2 
1 57 2 86 3 9 4 25 5 83 6 83 7 43 8 11 9 59 10 60 11 12 12 66 13 45 14 51 15 20 16 21 17 52 18 53 19 6 20 54 
1 15 2 1 3 80 4 49 5 24 6 56 7 33 8 15 9 51 10 1 11 54 12 48 13 27 14 1 15 16 16 24 17 29 18 89 19 63 20 83 
1 53 2 19 3 74 4 2 5 91 6 85 7 25 8 98 9 30 10 94 11 77 12 26 13 53 14 68 15 87 16 37 17 85 18 27 19 95 20 27 
1 63 2 20 3 6 4 73 5 14 6 81 7 33 8 36 9 4 10 52 11 16 12 33 13 2 14 2 15 31 16 29 17 22 18 82 19 89 20 6 
1 88 2 44 3 16 4 49 5 17 6 20 7 76 8 50 9 38 10 5 11 38 12 36 13 37 14 93 15 54 16 68 17 2 18 18 19 73 20 13 
1 20 2 70 3 28 4 3 5 32 6 26 7 27 8 78 9 73 10 97 11 32 12 89 13 9 14 11 15 19 16 7 17 24 18 58 19 71 20 14 
1 1 2 83 3 48 4 6 5 54 6 28 7 86 8 61 9 90 10 22 11 75 12 46 13 15 14 13 15 7 16 32 17 35 18 68 19 64 20 69 
1 37 2 57 3 89 4 63 5 76 6 63 7 97 8 18 9 19 10 83 11 12 12 71 13 8 14 20 15 52 16 83 17 35 18 19 19 25 20 4 
1 52 2 77 3 48 4 8 5 62 6 47 7 13 8 50 9 77 10 88 11 36 12 25 13 77 14 59 15 39 16 8 17 32 18 65 19 81 20 57 
1 60 2 62 3 61 4 71 5 47 6 59 7 53 8 68 9 64 10 52 11 69 12 31 13 17 14 96 15 32 16 80 17 58 18 18 19 18 20 43 
1 26 2 28 3 89 4 75 5 14 6 75 7 39 8 46 9 66 10 76 11 45 12 17 13 15 14 36 15 9 16 87 17 65 18 51 19 9 20 79 
Reldue
-1 3817 -1 2
-1 3300 -1 9
-1 2848 -1 8
-1 4987 -1 8
-1 4315 -1 6
-1 3228 -1 10
-1 5468 -1 4
-1 3990 -1 2
-1 3930 -1 2
-1 2720 -1 1
-1 3229 -1 6
-1 4552 -1 10
-1 3069 -1 6
-1 5137 -1 5
-1 5685 -1 6
-1 3424 -1 1
-1 5345 -1 8
-1 4263 -1 7
-1 4709 -1 6
-1 4977 -1 8
-1 3288 -1 1
-1 4187 -1 3
-1 3657 -1 9
-1 5013 -1 10
-1 3553 -1 6
-1 5631 -1 9
-1 3152 -1 2
-1 2853 -1 7
-1 4665 -1 10
-1 5558 -1 1
-1 2782 -1 3
-1 5034 -1 9
-1 2740 -1 8
-1 3191 -1 6
-1 4452 -1 4
-1 5302 -1 8
-1 4006 -1 7
-1 5038 -1 1
-1 5678 -1 3
-1 3075 -1 1
-1 2830 -1 3
-1 5171 -1 2
-1 5853 -1 9
-1 4232 -1 9
-1 5577 -1 9
-1 3698 -1 4
-1 4788 -1 5
-1 3709 -1 9
-1 3502 -1 2
-1 4537 -1 7
-1 5777 -1 7
-1 4781 -1 8
-1 4726 -1 10
-1 4247 -1 2
-1 3606 -1 1
-1 4079 -1 10
-1 4144 -1 10
-1 3209 -1 8
-1 5813 -1 3
-1 2912 -1 1
-1 4463 -1 5
-1 2978 -1 8
-1 3126 -1 6
-1 5074 -1 7
-1 4903 -1 9
-1 4622 -1 10
-1 5490 -1 9
-1 2799 -1 2
-1 3517 -1 1
-1 4526 -1 2
-1 4687 -1 6
-1 2916 -1 9
-1 3351 -1 8
-1 3867 -1 10
-1 4786 -1 7
-1 3459 -1 5
-1 4619 -1 6
-1 3158 -1 4
-1 3130 -1 4
-1 5649 -1 4
-1 2710 -1 2
-1 4635 -1 1
-1 2681 -1 7
-1 2885 -1 10
-1 5694 -1 7
-1 3890 -1 1
-1 4684 -1 8
-1 4540 -1 8
-1 4744 -1 8
-1 4765 -1 8
-1 3424 -1 3
-1 5425 -1 10
-1 2777 -1 7
-1 2741 -1 7
-1 3466 -1 10
-1 4654 -1 8
-1 3629 -1 7
-1 3365 -1 5
-1 4969 -1 9
-1 3687 -1 3
LB 5356
