100 20
1 16 2 7 3 23 4 58 5 46 6 23 7 32 8 69 9 40 10 85 11 45 12 8 13 2 14 18 15 42 16 57 17 11 18 99 19 4 20 64 
1 7 2 92 3 39 4 92 5 42 6 58 7 31 8 18 9 50 10 33 11 62 12 6 13 39 14 3 15 45 16 55 17 14 18 57 19 28 20 84 
1 51 2 50 3 61 4 9 5 52 6 28 7 88 8 64 9 27 10 92 11 57 12 58 13 80 14 75 15 3 16 50 17 89 18 50 19 73 20 65 
1 77 2 21 3 16 4 91 5 37 6 94 7 28 8 36 9 52 10 84 11 14 12 8 13 22 14 13 15 18 16 26 17 85 18 90 19 4 20 75 
1 62 2 60 3 34 4 48 5 14 6 7 7 46 8 66 9 47 10 44 11 36 12 63 13 15 14 25 15 68 16 11 17 19 18 57 19 51 20 2 
1 97 2 5 3 41 4 67 5 53 6 48 7 68 8 67 9 59 10 79 11 24 12 22 13 40 14 62 15 36 16 90 17 15 18 25 19 56 20 22 
1 57 2 71 3 59 4 67 5 35 6 89 7 67 8 80 9 21 10 26 11 6 12 67 13 30 14 33 15 83 16 77 17 11 18 93 19 66 20 2 
1 97 2 22 3 54 4 71 5 23 6 86 7 56 8 60 9 91 10 19 11 7 12 73 13 43 14 44 15 97 16 48 17 16 18 19 19 93 20 8 
1 27 2 33 3 59 4 40 5 66 6 89 7 2 8 60 9 15 10 68 11 58 12 84 13 74 14 67 15 91 16 47 17 22 18 3 19 88 20 86 
1 19 2 57 3 9 4 51 5 26 6 94 7 23 8 78 9 4 10 77 11 76 12 77 13 25 14 80 15 48 16 17 17 61 18 53 19 90 20 5 
1 48 2 35 3 88 4 57 5 25 6 52 7 75 8 78 9 32 10 27 11 99 12 51 13 20 14 98 15 64 16 37 17 98 18 69 19 94 20 97 
1 47 2 41 3 70 4 28 5 71 6 10 7 56 8 27 9 16 10 36 11 35 12 41 13 13 14 78 15 52 16 51 17 22 18 32 19 9 20 44 
1 21 2 11 3 27 4 39 5 92 6 82 7 1 8 1 9 30 10 20 11 69 12 1 13 81 14 89 15 4 16 50 17 49 18 46 19 48 20 71 
1 24 2 2 3 55 4 48 5 43 6 47 7 10 8 75 9 31 10 28 11 79 12 40 13 85 14 97 15 38 16 72 17 39 18 94 19 70 20 28 
1 73 2 35 3 29 4 26 5 34 6 74 7 16 8 91 9 93 10 22 11 70 12 38 13 72 14 70 15 74 16 73 17 66 18 90 19 45 20 1 
1 10 2 59 3 91 4 7 5 83 6 44 7 7 8 85 9 23 10 47 11 85 12 11 13 32 14 93 15 43 16 68 17 8 18 62 19 13 20 66 
1 11 2 85 3 2 4 99 5 30 6 79 7 25 8 8 9 86 10 58 11 91 12 3 13 12 14 51 15 20 16 94 17 34 18 38 19 55 20 33 
1 35 2 57 3 18 4 12 5 80 6 66 7 58 8 23 9 54 10 93 11 35 12 49 13 46 14 29 15 55 16 63 17 88 18 86 19 28 20 61 
1 5 2 23 3 77 4 95 5 14 6 87 7 1 8 4 9 5 10 73 11 70 12 95 13 4 14 25 15 6 16 19 17 65 18 60 19 12 20 80 
1 94 2 15 3 32 4 50 5 90 6 72 7 29 8 56 9 40 10 29 11 67 12 76 13 25 14 80 15 49 16 66 17 66 18 42 19 70 20 92 
1 8 2 73 3 65 4 62 5 86 6 11 7 35 8 74 9 17 10 9 11 1 12 44 13 79 14 17 15 81 16 26 17 32 18 88 19 83 20 6 
1 6 2 17 3 31 4 74 5 85 6 81 7 1 8 69 9 52 10 21 11 10 12 48 13 37 14 47 15 48 16 39 17 64 18 35 19 17 20 58 
1 17 2 92 3 14 4 17 5 96 6 53 7 53 8 51 9 87 10 3 11 93 12 32 13 67 14 32 15 70 16 96 17 43 18 39 19 32 20 2 
1 60 2 14 3 21 4 47 5 98 6 16 7 25 8 68 9 5 10 21 11 21 12 34 13 43 14 3 15 58 16 71 17 31 18 11 19 44 20 28 
1 4 2 94 3 61 4 33 5 92 6 49 7 17 8 3 9 68 10 12 11 95 12 92 13 74 14 16 15 23 16 24 17 30 18 50 19 42 20 22 
1 78 2 98 3 99 4 90 5 27 6 20 7 51 8 40 9 58 10 24 11 14 12 92 13 51 14 16 15 54 16 15 17 56 18 21 19 11 20 92 
1 40 2 50 3 36 4 50 5 84 6 60 7 31 8 74 9 17 10 76 11 22 12 25 13 63 14 3 15 40 16 88 17 50 18 46 19 37 20 44 
1 46 2 11 3 97 4 79 5 65 6 42 7 79 8 50 9 22 10 32 11 35 12 50 13 66 14 93 15 39 16 20 17 51 18 92 19 63 20 26 
1 37 2 26 3 46 4 24 5 26 6 9 7 53 8 62 9 67 10 47 11 58 12 19 13 17 14 35 15 60 16 16 17 50 18 6 19 66 20 68 
1 84 2 5 3 20 4 32 5 18 6 36 7 56 8 13 9 23 10 52 11 7 12 75 13 35 14 39 15 33 16 73 17 61 18 6 19 37 20 32 
1 77 2 73 3 11 4 1 5 89 6 7 7 87 8 4 9 83 10 64 11 98 12 1 13 30 14 84 15 87 16 16 17 84 18 18 19 61 20 80 
1 28 2 37 3 95 4 85 5 66 6 4 7 1 8 76 9 88 10 75 11 15 12 40 13 94 14 37 15 78 16 44 17 33 18 75 19 43 20 81 
1 60 2 53 3 65 4 39 5 84 6 19 7 54 8 56 9 10 10 17 11 33 12 27 13 22 14 27 15 70 16 19 17 37 18 57 19 36 20 14 
1 94 2 53 3 38 4 86 5 66 6 86 7 35 8 30 9 85 10 67 11 4 12 71 13 4 14 50 15 51 16 7 17 93 18 19 19 65 20 87 
1 5 2 29 3 99 4 40 5 81 6 49 7 94 8 14 9 52 10 30 11 64 12 21 13 1 14 34 15 79 16 35 17 86 18 90 19 96 20 6 
1 64 2 80 3 7 4 41 5 67 6 35 7 8 8 10 9 23 10 36 11 17 12 10 13 69 14 82 15 69 16 30 17 62 18 8 19 82 20 14 
1 57 2 40 3 78 4 76 5 47 6 21 7 8 8 39 9 28 10 11 11 57 12 73 13 69 14 37 15 9 16 33 17 9 18 24 19 8 20 2 
1 49 2 25 3 20 4 46 5 68 6 85 7 71 8 78 9 62 10 3 11 12 12 62 13 31 14 69 15 67 16 50 17 36 18 65 19 23 20 28 
1 74 2 44 3 58 4 93 5 52 6 67 7 16 8 46 9 98 10 39 11 22 12 95 13 76 14 53 15 20 16 52 17 85 18 80 19 35 20 22 
1 44 2 52 3 54 4 29 5 10 6 5 7 83 8 92 9 56 10 51 11 79 12 89 13 54 14 50 15 98 16 73 17 31 18 85 19 40 20 56 
1 74 2 7 3 20 4 89 5 77 6 29 7 89 8 32 9 69 10 63 11 79 12 28 13 55 14 97 15 2 16 73 17 58 18 94 19 13 20 90 
1 18 2 17 3 9 4 74 5 33 6 31 7 99 8 38 9 56 10 60 11 28 12 3 13 4 14 5 15 94 16 30 17 13 18 9 19 73 20 33 
1 59 2 54 3 19 4 83 5 7 6 93 7 40 8 7 9 5 10 81 11 15 12 77 13 35 14 39 15 94 16 62 17 29 18 81 19 75 20 2 
1 76 2 8 3 3 4 99 5 27 6 39 7 34 8 75 9 43 10 15 11 38 12 37 13 64 14 14 15 66 16 50 17 94 18 98 19 63 20 24 
1 78 2 9 3 57 4 38 5 72 6 29 7 65 8 56 9 11 10 36 11 54 12 88 13 25 14 37 15 66 16 38 17 96 18 17 19 2 20 61 
1 13 2 18 3 85 4 78 5 92 6 30 7 99 8 20 9 82 10 66 11 34 12 91 13 30 14 58 15 97 16 12 17 61 18 91 19 93 20 47 
1 54 2 16 3 54 4 31 5 93 6 23 7 20 8 88 9 32 10 88 11 50 12 81 13 19 14 73 15 83 16 26 17 76 18 69 19 34 20 93 
1 37 2 43 3 17 4 90 5 52 6 27 7 84 8 40 9 91 10 13 11 36 12 9 13 31 14 96 15 81 16 22 17 78 18 6 19 29 20 59 
1 35 2 28 3 67 4 3 5 45 6 9 7 84 8 73 9 5 10 17 11 96 12 55 13 27 14 8 15 35 16 86 17 90 18 81 19 58 20 7 
1 90 2 13 3 13 4 21 5 45 6 47 7 67 8 50 9 52 10 95 11 41 12 40 13 6 14 60 15 61 16 58 17 51 18 49 19 22 20 72 
1 56 2 13 3 89 4 4 5 55 6 25 7 80 8 14 9 72 10 42 11 17 12 71 13 4 14 91 15 92 16 20 17 86 18 14 19 42 20 9 
1 53 2 58 3 38 4 86 5 22 6 83 7 25 8 24 9 99 10 13 11 51 12 79 13 16 14 25 15 85 16 79 17 27 18 75 19 62 20 82 
1 8 2 99 3 58 4 94 5 82 6 89 7 82 8 8 9 63 10 69 11 32 12 54 13 90 14 35 15 27 16 25 17 63 18 43 19 61 20 64 
1 57 2 66 3 24 4 86 5 94 6 20 7 35 8 72 9 37 10 17 11 85 12 54 13 34 14 60 15 90 16 49 17 90 18 95 19 50 20 52 
1 37 2 11 3 58 4 20 5 94 6 74 7 33 8 70 9 7 10 50 11 37 12 13 13 75 14 64 15 84 16 34 17 27 18 54 19 2 20 99 
1 63 2 60 3 8 4 13 5 92 6 35 7 20 8 45 9 71 10 69 11 17 12 81 13 11 14 37 15 78 16 47 17 93 18 75 19 7 20 63 
1 48 2 70 3 54 4 17 5 63 6 76 7 89 8 20 9 15 10 69 11 85 12 84 13 21 14 66 15 25 16 43 17 17 18 86 19 48 20 40 
1 70 2 38 3 34 4 4 5 18 6 52 7 73 8 54 9 83 10 62 11 83 12 57 13 23 14 16 15 26 16 93 17 86 18 16 19 89 20 90 
1 37 2 5 3 92 4 15 5 7 6 15 7 53 8 71 9 69 10 64 11 29 12 36 13 77 14 69 15 89 16 81 17 16 18 75 19 3 20 2 
1 81 2 24 3 27 4 47 5 96 6 5 7 29 8 72 9 41 10 40 11 29 12 90 13 88 14 21 15 39 16 56 17 17 18 26 19 68 20 63 
1 59 2 57 3 10 4 48 5 55 6 84 7 19 8 57 9 19 10 20 11 88 12 55 13 82 14 64 15 97 16 72 17 85 18 20 19 60 20 32 
1 91 2 28 3 85 4 68 5 80 6 55 7 99 8 72 9 90 10 69 11 28 12 33 13 35 14 66 15 31 16 47 17 68 18 8 19 47 20 70 
1 22 2 63 3 10 4 93 5 18 6 24 7 95 8 99 9 2 10 85 11 96 12 68 13 93 14 46 15 27 16 77 17 54 18 50 19 27 20 44 
1 86 2 4 3 85 4 94 5 91 6 95 7 86 8 2 9 47 10 42 11 83 12 92 13 61 14 40 15 19 16 21 17 80 18 21 19 64 20 51 
1 74 2 74 3 70 4 13 5 57 6 73 7 70 8 96 9 99 10 77 11 43 12 67 13 64 14 3 15 98 16 17 17 26 18 3 19 17 20 30 
1 54 2 51 3 9 4 5 5 98 6 67 7 34 8 97 9 95 10 18 11 61 12 42 13 30 14 74 15 64 16 45 17 37 18 72 19 10 20 46 
1 25 2 10 3 24 4 27 5 91 6 78 7 14 8 10 9 21 10 4 11 11 12 16 13 82 14 11 15 78 16 50 17 77 18 4 19 45 20 37 
1 50 2 43 3 57 4 86 5 3 6 80 7 82 8 88 9 60 10 65 11 34 12 5 13 79 14 40 15 90 16 15 17 95 18 49 19 91 20 29 
1 38 2 73 3 33 4 65 5 56 6 88 7 6 8 47 9 58 10 35 11 41 12 51 13 65 14 55 15 23 16 12 17 65 18 8 19 30 20 34 
1 16 2 81 3 15 4 62 5 68 6 39 7 43 8 6 9 82 10 26 11 89 12 42 13 72 14 22 15 78 16 68 17 63 18 27 19 15 20 21 
1 83 2 73 3 46 4 49 5 2 6 94 7 88 8 24 9 20 10 57 11 17 12 54 13 13 14 33 15 54 16 74 17 91 18 10 19 70 20 63 
1 57 2 20 3 5 4 92 5 83 6 27 7 11 8 77 9 79 10 95 11 32 12 79 13 50 14 3 15 6 16 63 17 16 18 40 19 97 20 82 
1 3 2 41 3 9 4 85 5 48 6 50 7 61 8 81 9 38 10 82 11 31 12 60 13 8 14 95 15 7 16 66 17 94 18 47 19 89 20 9 
1 91 2 15 3 96 4 95 5 68 6 65 7 88 8 2 9 14 10 61 11 18 12 96 13 78 14 87 15 92 16 62 17 12 18 22 19 1 20 62 
1 36 2 44 3 70 4 84 5 39 6 43 7 64 8 99 9 57 10 9 11 77 12 86 13 24 14 94 15 47 16 18 17 72 18 6 19 81 20 53 
1 20 2 79 3 47 4 15 5 51 6 45 7 56 8 39 9 47 10 67 11 15 12 31 13 46 14 53 15 15 16 97 17 45 18 59 19 97 20 95 
1 13 2 52 3 20 4 84 5 87 6 62 7 85 8 29 9 66 10 12 11 12 12 98 13 49 14 24 15 27 16 98 17 26 18 89 19 36 20 45 
1 9 2 81 3 51 4 20 5 10 6 83 7 54 8 63 9 58 10 23 11 59 12 42 13 27 14 68 15 32 16 44 17 95 18 74 19 6 20 87 
1 46 2 79 3 60 4 30 5 85 6 93 7 15 8 90 9 46 10 80 11 56 12 55 13 96 14 19 15 46 16 53 17 80 18 34 19 2 20 13 
1 30 2 1 3 7 4 76 5 40 6 62 7 15 8 61 9 67 10 2 11 70 12 3 13 92 14 32 15 94 16 82 17 71 18 21 19 20 20 18 
1 41 2 41 3 25 4 30 5 70 6 89 7 55 8 51 9 61 10 3 11 86 12 67 13 40 14 27 15 31 16 58 17 77 18 50 19 11 20 10 
1 56 2 8 3 78 4 27 5 17 6 21 7 32 8 12 9 97 10 41 11 83 12 89 13 84 14 36 15 6 16 94 17 43 18 45 19 89 20 84 
1 79 2 73 3 96 4 67 5 71 6 66 7 70 8 41 9 65 10 79 11 25 12 50 13 15 14 98 15 22 16 49 17 62 18 3 19 63 20 31 
1 17 2 29 3 61 4 76 5 6 6 33 7 23 8 12 9 77 10 67 11 70 12 97 13 53 14 11 15 43 16 83 17 53 18 29 19 51 20 81 
1 75 2 86 3 5 4 25 5 19 6 18 7 73 8 47 9 12 10 75 11 1 12 74 13 92 14 84 15 98 16 77 17 74 18 15 19 86 20 29 
1 35 2 73 3 14 4 64 5 66 6 65 7 70 8 49 9 30 10 81 11 95 12 21 13 21 14 26 15 44 16 53 17 66 18 80 19 2 20 38 
1 85 2 30 3 88 4 77 5 48 6 51 7 5 8 42 9 98 10 52 11 97 12 97 13 13 14 87 15 8 16 65 17 58 18 53 19 62 20 9 
1 58 2 31 3 33 4 89 5 39 6 73 7 85 8 41 9 69 10 62 11 77 12 96 13 42 14 18 15 68 16 43 17 33 18 71 19 17 20 39 
1 5 2 61 3 69 4 14 5 35 6 31 7 47 8 9 9 29 10 70 11 50 12 43 13 29 14 51 15 34 16 19 17 64 18 26 19 2 20 77 
1 62 2 88 3 8 4 51 5 60 6 8 7 31 8 3 9 13 10 99 11 92 12 89 13 66 14 2 15 53 16 13 17 60 18 10 19 14 20 85 
1 1 2 85 3 54 4 44 5 26 6 15 7 14 8 29 9 43 10 19 11 40 12 94 13 34 14 79 15 93 16 56 17 48 18 14 19 80 20 86 
1 4 2 64 3 90 4 34 5 71 6 91 7 62 8 82 9 8 10 75 11 8 12 32 13 29 14 27 15 37 16 7 17 63 18 94 19 76 20 41 
1 21 2 9 3 66 4 50 5 26 6 50 7 18 8 90 9 38 10 65 11 58 12 20 13 9 14 48 15 4 16 15 17 2 18 27 19 15 20 46 
1 51 2 18 3 40 4 71 5 8 6 45 7 97 8 72 9 20 10 92 11 99 12 6 13 68 14 55 15 72 16 51 17 48 18 42 19 2 20 81 
1 3 2 38 3 75 4 86 5 56 6 1 7 57 8 33 9 97 10 22 11 82 12 76 13 10 14 46 15 20 16 3 17 27 18 75 19 40 20 23 
1 89 2 95 3 96 4 37 5 88 6 86 7 76 8 45 9 72 10 58 11 84 12 39 13 47 14 17 15 97 16 69 17 79 18 73 19 25 20 18 
1 30 2 36 3 21 4 70 5 6 6 54 7 30 8 88 9 51 10 39 11 9 12 26 13 46 14 77 15 53 16 62 17 74 18 14 19 58 20 86 
1 29 2 70 3 63 4 2 5 37 6 19 7 20 8 8 9 5 10 14 11 9 12 83 13 91 14 49 15 61 16 4 17 20 18 10 19 45 20 22 
1 97 2 16 3 23 4 74 5 67 6 86 7 59 8 97 9 18 10 57 11 25 12 62 13 29 14 87 15 72 16 45 17 17 18 5 19 24 20 68 
1 39 2 36 3 51 4 52 5 6 6 60 7 37 8 77 9 96 10 19 11 12 12 23 13 59 14 13 15 36 16 62 17 37 18 66 19 21 20 8 
Reldue
-1 5883 -1 10
-1 3282 -1 9
-1 5886 -1 3
-1 5178 -1 1
-1 4318 -1 5
-1 3207 -1 8
-1 3780 -1 1
-1 4740 -1 9
-1 2949 -1 8
-1 3489 -1 6
-1 3506 -1 9
-1 3580 -1 7
-1 3575 -1 2
-1 3460 -1 5
-1 3109 -1 10
-1 5579 -1 5
-1 2880 -1 6
-1 3980 -1 4
-1 3729 -1 3
-1 4096 -1 4
-1 4520 -1 10
-1 4530 -1 8
-1 3912 -1 4
-1 3319 -1 1
-1 5500 -1 10
-1 3070 -1 10
-1 5490 -1 5
-1 4995 -1 4
-1 4016 -1 10
-1 4445 -1 6
-1 3940 -1 8
-1 4278 -1 5
-1 3752 -1 2
-1 4433 -1 2
-1 4797 -1 10
-1 5704 -1 5
-1 3269 -1 9
-1 4292 -1 5
-1 5221 -1 3
-1 2887 -1 4
-1 4816 -1 7
-1 5009 -1 7
-1 4707 -1 10
-1 4791 -1 9
-1 2732 -1 6
-1 5500 -1 5
-1 5844 -1 6
-1 4864 -1 6
-1 4689 -1 10
-1 5696 -1 7
-1 4615 -1 9
-1 2896 -1 9
-1 3993 -1 2
-1 2790 -1 8
-1 4047 -1 5
-1 3269 -1 9
-1 4093 -1 2
-1 3022 -1 1
-1 3183 -1 10
-1 4378 -1 4
-1 4618 -1 4
-1 4747 -1 5
-1 3686 -1 10
-1 5716 -1 10
-1 5579 -1 3
-1 5239 -1 1
-1 3666 -1 4
-1 2696 -1 9
-1 5640 -1 2
-1 4751 -1 8
-1 3071 -1 6
-1 5531 -1 2
-1 5558 -1 2
-1 5714 -1 10
-1 3915 -1 2
-1 3236 -1 8
-1 2907 -1 7
-1 3494 -1 2
-1 3751 -1 3
-1 3289 -1 2
-1 3431 -1 1
-1 4090 -1 8
-1 5820 -1 6
-1 5158 -1 8
-1 4308 -1 3
-1 3335 -1 4
-1 3846 -1 9
-1 5377 -1 9
-1 5110 -1 5
-1 4700 -1 10
-1 3208 -1 4
-1 2864 -1 10
-1 4312 -1 5
-1 2817 -1 1
-1 4031 -1 2
-1 4599 -1 4
-1 2887 -1 1
-1 5049 -1 3
-1 5654 -1 1
-1 4529 -1 8
LB 5381
