100 20
1 43 2 20 3 70 4 63 5 50 6 47 7 67 8 9 9 25 10 99 11 18 12 6 13 86 14 63 15 11 16 76 17 56 18 37 19 69 20 66 
1 68 2 74 3 6 4 15 5 71 6 86 7 14 8 9 9 19 10 65 11 94 12 10 13 78 14 11 15 59 16 78 17 16 18 60 19 4 20 51 
1 29 2 4 3 32 4 22 5 12 6 56 7 99 8 26 9 30 10 23 11 90 12 68 13 53 14 64 15 86 16 27 17 36 18 39 19 12 20 10 
1 33 2 53 3 92 4 47 5 45 6 29 7 35 8 14 9 70 10 54 11 79 12 84 13 52 14 78 15 80 16 8 17 60 18 28 19 79 20 12 
1 52 2 17 3 54 4 48 5 85 6 20 7 71 8 15 9 2 10 11 11 36 12 83 13 21 14 69 15 81 16 15 17 73 18 99 19 37 20 6 
1 93 2 23 3 29 4 87 5 94 6 11 7 77 8 24 9 24 10 80 11 20 12 94 13 51 14 88 15 81 16 67 17 33 18 6 19 55 20 67 
1 17 2 47 3 74 4 54 5 74 6 78 7 3 8 28 9 38 10 21 11 76 12 32 13 68 14 28 15 97 16 24 17 20 18 79 19 60 20 81 
1 23 2 44 3 62 4 22 5 88 6 74 7 71 8 99 9 67 10 67 11 61 12 63 13 11 14 16 15 16 16 73 17 2 18 35 19 46 20 47 
1 91 2 66 3 76 4 63 5 64 6 73 7 84 8 68 9 23 10 86 11 31 12 76 13 56 14 62 15 43 16 14 17 3 18 99 19 47 20 52 
1 85 2 80 3 14 4 52 5 83 6 72 7 89 8 29 9 50 10 82 11 55 12 74 13 33 14 61 15 32 16 5 17 84 18 67 19 5 20 61 
1 19 2 73 3 79 4 13 5 26 6 87 7 16 8 79 9 76 10 47 11 71 12 37 13 68 14 85 15 64 16 44 17 78 18 38 19 81 20 57 
1 83 2 68 3 99 4 59 5 1 6 65 7 86 8 39 9 91 10 87 11 98 12 21 13 25 14 8 15 38 16 95 17 32 18 55 19 11 20 65 
1 6 2 73 3 53 4 49 5 68 6 45 7 88 8 43 9 67 10 22 11 66 12 50 13 66 14 86 15 8 16 72 17 54 18 76 19 6 20 83 
1 6 2 94 3 70 4 22 5 73 6 79 7 77 8 64 9 59 10 5 11 74 12 83 13 5 14 34 15 77 16 73 17 77 18 87 19 90 20 4 
1 96 2 58 3 71 4 82 5 35 6 40 7 25 8 23 9 69 10 55 11 34 12 73 13 67 14 67 15 28 16 58 17 15 18 51 19 32 20 85 
1 67 2 65 3 79 4 77 5 95 6 43 7 41 8 77 9 8 10 37 11 82 12 46 13 46 14 82 15 68 16 86 17 57 18 5 19 77 20 66 
1 64 2 54 3 93 4 85 5 36 6 18 7 76 8 3 9 91 10 59 11 54 12 35 13 74 14 92 15 43 16 87 17 89 18 42 19 66 20 24 
1 57 2 45 3 91 4 56 5 30 6 72 7 28 8 99 9 88 10 1 11 75 12 97 13 8 14 66 15 9 16 40 17 26 18 13 19 53 20 14 
1 46 2 43 3 13 4 54 5 74 6 77 7 62 8 62 9 60 10 32 11 58 12 72 13 43 14 84 15 43 16 56 17 83 18 35 19 77 20 9 
1 80 2 68 3 97 4 58 5 82 6 93 7 87 8 3 9 94 10 27 11 45 12 11 13 94 14 59 15 46 16 11 17 99 18 50 19 62 20 74 
1 20 2 57 3 97 4 28 5 49 6 35 7 49 8 5 9 8 10 88 11 68 12 10 13 37 14 51 15 40 16 97 17 6 18 13 19 63 20 6 
1 87 2 17 3 28 4 59 5 81 6 91 7 41 8 63 9 4 10 88 11 38 12 50 13 3 14 16 15 8 16 85 17 44 18 62 19 32 20 47 
1 95 2 74 3 51 4 32 5 53 6 19 7 8 8 86 9 63 10 42 11 60 12 99 13 46 14 81 15 60 16 84 17 93 18 86 19 81 20 78 
1 78 2 50 3 87 4 40 5 89 6 57 7 65 8 78 9 70 10 56 11 40 12 90 13 79 14 27 15 93 16 92 17 34 18 24 19 18 20 11 
1 5 2 43 3 97 4 15 5 95 6 22 7 70 8 53 9 96 10 60 11 1 12 18 13 3 14 22 15 29 16 24 17 87 18 46 19 49 20 58 
1 52 2 34 3 99 4 13 5 73 6 10 7 76 8 71 9 85 10 48 11 31 12 84 13 92 14 29 15 80 16 73 17 50 18 3 19 34 20 42 
1 86 2 10 3 35 4 20 5 93 6 34 7 43 8 82 9 17 10 45 11 90 12 65 13 46 14 90 15 89 16 43 17 55 18 70 19 14 20 68 
1 58 2 89 3 21 4 89 5 32 6 44 7 80 8 32 9 32 10 75 11 93 12 22 13 17 14 35 15 3 16 93 17 89 18 60 19 34 20 25 
1 88 2 64 3 28 4 24 5 60 6 23 7 99 8 75 9 26 10 53 11 68 12 37 13 38 14 93 15 96 16 26 17 6 18 61 19 97 20 69 
1 74 2 82 3 63 4 62 5 21 6 48 7 78 8 89 9 35 10 82 11 42 12 7 13 88 14 11 15 46 16 59 17 12 18 32 19 22 20 38 
1 95 2 98 3 78 4 15 5 54 6 25 7 93 8 16 9 93 10 92 11 33 12 47 13 71 14 18 15 26 16 49 17 97 18 75 19 59 20 80 
1 90 2 16 3 56 4 36 5 10 6 26 7 86 8 96 9 27 10 87 11 62 12 76 13 97 14 55 15 87 16 31 17 6 18 39 19 41 20 80 
1 95 2 56 3 72 4 16 5 15 6 47 7 29 8 47 9 69 10 18 11 78 12 92 13 47 14 79 15 59 16 9 17 98 18 4 19 97 20 75 
1 57 2 61 3 23 4 81 5 18 6 79 7 33 8 4 9 80 10 23 11 57 12 41 13 10 14 89 15 18 16 60 17 79 18 22 19 52 20 25 
1 23 2 42 3 71 4 65 5 58 6 22 7 78 8 40 9 22 10 24 11 88 12 32 13 59 14 13 15 95 16 13 17 53 18 36 19 46 20 34 
1 25 2 30 3 96 4 75 5 64 6 69 7 80 8 91 9 84 10 13 11 27 12 98 13 78 14 81 15 56 16 13 17 36 18 96 19 48 20 72 
1 76 2 25 3 31 4 12 5 29 6 4 7 93 8 18 9 95 10 19 11 24 12 37 13 69 14 43 15 73 16 86 17 97 18 63 19 5 20 46 
1 58 2 52 3 49 4 6 5 61 6 78 7 91 8 64 9 30 10 31 11 37 12 49 13 26 14 27 15 2 16 95 17 47 18 52 19 14 20 57 
1 65 2 20 3 83 4 42 5 67 6 92 7 42 8 12 9 86 10 4 11 16 12 8 13 23 14 82 15 78 16 73 17 12 18 93 19 38 20 48 
1 63 2 54 3 96 4 18 5 47 6 87 7 30 8 98 9 40 10 19 11 87 12 6 13 20 14 71 15 91 16 67 17 97 18 13 19 21 20 22 
1 15 2 24 3 79 4 66 5 82 6 59 7 59 8 83 9 4 10 27 11 98 12 60 13 21 14 12 15 12 16 20 17 25 18 14 19 79 20 2 
1 17 2 71 3 62 4 35 5 45 6 55 7 38 8 43 9 75 10 54 11 15 12 28 13 79 14 33 15 58 16 88 17 28 18 35 19 40 20 86 
1 9 2 19 3 5 4 54 5 50 6 39 7 28 8 89 9 95 10 65 11 99 12 44 13 52 14 60 15 91 16 91 17 60 18 88 19 96 20 56 
1 66 2 95 3 37 4 94 5 57 6 80 7 46 8 78 9 37 10 67 11 38 12 17 13 37 14 14 15 71 16 5 17 6 18 72 19 74 20 89 
1 22 2 16 3 49 4 14 5 9 6 94 7 44 8 47 9 93 10 53 11 63 12 78 13 47 14 21 15 94 16 31 17 8 18 51 19 34 20 33 
1 34 2 57 3 49 4 84 5 38 6 59 7 89 8 61 9 67 10 11 11 31 12 21 13 83 14 52 15 59 16 88 17 70 18 23 19 75 20 77 
1 7 2 65 3 93 4 18 5 79 6 26 7 77 8 91 9 24 10 89 11 82 12 6 13 33 14 52 15 62 16 62 17 57 18 48 19 62 20 61 
1 68 2 1 3 83 4 49 5 87 6 79 7 2 8 86 9 10 10 3 11 59 12 18 13 92 14 55 15 23 16 32 17 62 18 28 19 91 20 37 
1 18 2 69 3 2 4 41 5 12 6 27 7 11 8 69 9 35 10 71 11 3 12 92 13 55 14 45 15 44 16 20 17 28 18 5 19 19 20 94 
1 35 2 6 3 31 4 44 5 97 6 97 7 43 8 34 9 91 10 74 11 44 12 32 13 28 14 98 15 75 16 22 17 46 18 59 19 62 20 43 
1 90 2 97 3 78 4 11 5 8 6 5 7 96 8 76 9 1 10 15 11 1 12 34 13 8 14 69 15 14 16 37 17 9 18 66 19 92 20 37 
1 94 2 75 3 64 4 85 5 15 6 55 7 97 8 77 9 54 10 5 11 30 12 97 13 42 14 54 15 7 16 73 17 38 18 23 19 7 20 67 
1 40 2 4 3 94 4 43 5 78 6 62 7 85 8 65 9 2 10 71 11 31 12 63 13 17 14 80 15 79 16 30 17 82 18 1 19 74 20 99 
1 43 2 16 3 60 4 97 5 43 6 37 7 35 8 93 9 41 10 26 11 2 12 20 13 44 14 27 15 82 16 77 17 55 18 23 19 84 20 77 
1 69 2 89 3 22 4 29 5 70 6 36 7 72 8 10 9 27 10 10 11 95 12 49 13 57 14 38 15 57 16 45 17 83 18 58 19 27 20 87 
1 53 2 86 3 71 4 56 5 74 6 38 7 41 8 84 9 30 10 53 11 42 12 68 13 12 14 19 15 74 16 2 17 25 18 52 19 57 20 24 
1 23 2 21 3 61 4 71 5 43 6 42 7 65 8 76 9 59 10 61 11 64 12 97 13 53 14 63 15 88 16 39 17 90 18 43 19 96 20 90 
1 24 2 95 3 53 4 55 5 9 6 20 7 87 8 82 9 32 10 13 11 95 12 69 13 67 14 15 15 78 16 44 17 6 18 42 19 9 20 76 
1 73 2 59 3 87 4 42 5 30 6 68 7 80 8 53 9 53 10 77 11 68 12 37 13 52 14 83 15 83 16 95 17 19 18 57 19 10 20 51 
1 55 2 77 3 96 4 67 5 14 6 4 7 79 8 50 9 73 10 25 11 98 12 88 13 33 14 36 15 27 16 16 17 51 18 29 19 35 20 10 
1 59 2 70 3 10 4 64 5 54 6 90 7 32 8 19 9 57 10 47 11 65 12 68 13 90 14 39 15 95 16 82 17 62 18 92 19 15 20 25 
1 96 2 88 3 31 4 66 5 99 6 25 7 19 8 75 9 20 10 65 11 30 12 22 13 10 14 7 15 61 16 9 17 85 18 52 19 52 20 97 
1 77 2 88 3 30 4 3 5 58 6 57 7 37 8 47 9 72 10 71 11 28 12 82 13 14 14 84 15 38 16 88 17 26 18 24 19 50 20 26 
1 45 2 1 3 92 4 24 5 62 6 87 7 14 8 44 9 6 10 30 11 39 12 33 13 29 14 38 15 36 16 21 17 62 18 37 19 59 20 53 
1 89 2 11 3 57 4 22 5 14 6 79 7 28 8 62 9 84 10 20 11 97 12 47 13 99 14 13 15 21 16 57 17 28 18 96 19 48 20 7 
1 66 2 51 3 63 4 41 5 28 6 24 7 17 8 61 9 27 10 13 11 20 12 72 13 69 14 29 15 77 16 46 17 80 18 5 19 35 20 25 
1 18 2 6 3 20 4 23 5 81 6 80 7 91 8 5 9 87 10 32 11 63 12 22 13 75 14 39 15 25 16 54 17 20 18 16 19 16 20 38 
1 34 2 17 3 62 4 74 5 3 6 10 7 26 8 67 9 93 10 48 11 8 12 67 13 5 14 87 15 3 16 80 17 30 18 57 19 26 20 37 
1 97 2 55 3 35 4 60 5 94 6 52 7 84 8 45 9 42 10 93 11 19 12 97 13 19 14 19 15 94 16 10 17 13 18 2 19 89 20 44 
1 31 2 5 3 10 4 20 5 75 6 48 7 58 8 73 9 30 10 9 11 92 12 24 13 23 14 20 15 32 16 56 17 50 18 41 19 50 20 78 
1 44 2 38 3 61 4 58 5 91 6 6 7 46 8 7 9 65 10 44 11 50 12 84 13 9 14 76 15 74 16 43 17 95 18 88 19 85 20 34 
1 76 2 93 3 50 4 33 5 63 6 61 7 45 8 31 9 48 10 83 11 6 12 32 13 63 14 1 15 29 16 22 17 45 18 22 19 67 20 5 
1 91 2 38 3 87 4 50 5 20 6 50 7 4 8 80 9 25 10 52 11 5 12 57 13 48 14 74 15 25 16 8 17 16 18 69 19 41 20 74 
1 33 2 12 3 34 4 23 5 37 6 21 7 14 8 18 9 24 10 62 11 29 12 41 13 20 14 58 15 30 16 4 17 2 18 74 19 87 20 77 
1 80 2 26 3 72 4 66 5 53 6 34 7 10 8 93 9 66 10 60 11 57 12 39 13 84 14 50 15 13 16 12 17 92 18 93 19 4 20 47 
1 70 2 49 3 29 4 62 5 5 6 23 7 17 8 11 9 29 10 49 11 5 12 89 13 4 14 35 15 51 16 39 17 60 18 68 19 34 20 56 
1 64 2 39 3 41 4 39 5 29 6 19 7 20 8 53 9 7 10 30 11 77 12 94 13 32 14 84 15 78 16 42 17 95 18 6 19 15 20 63 
1 1 2 35 3 81 4 93 5 37 6 84 7 42 8 52 9 96 10 82 11 78 12 37 13 27 14 2 15 57 16 13 17 89 18 78 19 23 20 41 
1 86 2 2 3 81 4 49 5 27 6 84 7 40 8 91 9 52 10 21 11 99 12 8 13 50 14 95 15 80 16 28 17 37 18 54 19 49 20 7 
1 33 2 95 3 68 4 87 5 13 6 49 7 63 8 31 9 89 10 18 11 83 12 47 13 91 14 79 15 79 16 93 17 78 18 23 19 17 20 51 
1 77 2 41 3 19 4 49 5 10 6 97 7 32 8 17 9 4 10 79 11 50 12 58 13 82 14 47 15 15 16 36 17 24 18 18 19 4 20 22 
1 43 2 74 3 34 4 4 5 95 6 2 7 76 8 32 9 24 10 94 11 45 12 15 13 90 14 39 15 86 16 11 17 76 18 40 19 94 20 18 
1 17 2 64 3 5 4 63 5 54 6 42 7 40 8 76 9 84 10 96 11 31 12 88 13 7 14 77 15 66 16 80 17 14 18 44 19 53 20 67 
1 23 2 82 3 60 4 7 5 81 6 28 7 76 8 50 9 99 10 51 11 21 12 66 13 86 14 87 15 37 16 39 17 29 18 72 19 49 20 58 
1 18 2 4 3 51 4 76 5 61 6 5 7 26 8 37 9 98 10 21 11 49 12 76 13 92 14 92 15 20 16 17 17 30 18 80 19 30 20 20 
1 55 2 76 3 8 4 54 5 82 6 27 7 15 8 63 9 52 10 42 11 65 12 25 13 71 14 21 15 43 16 74 17 52 18 15 19 14 20 6 
1 13 2 15 3 64 4 56 5 70 6 51 7 50 8 29 9 51 10 56 11 69 12 48 13 5 14 29 15 74 16 27 17 9 18 75 19 3 20 32 
1 76 2 67 3 15 4 48 5 57 6 92 7 81 8 80 9 96 10 77 11 66 12 74 13 66 14 59 15 12 16 89 17 38 18 75 19 6 20 67 
1 61 2 13 3 71 4 99 5 60 6 85 7 72 8 39 9 9 10 85 11 47 12 47 13 66 14 3 15 74 16 58 17 93 18 6 19 18 20 27 
1 70 2 6 3 92 4 59 5 62 6 89 7 56 8 93 9 10 10 54 11 52 12 15 13 52 14 31 15 69 16 89 17 5 18 65 19 5 20 36 
1 97 2 57 3 52 4 1 5 65 6 7 7 17 8 85 9 50 10 42 11 6 12 90 13 20 14 57 15 65 16 10 17 1 18 46 19 76 20 18 
1 40 2 14 3 31 4 59 5 76 6 84 7 39 8 97 9 13 10 59 11 79 12 6 13 71 14 89 15 36 16 55 17 7 18 77 19 71 20 91 
1 86 2 61 3 30 4 73 5 90 6 73 7 82 8 10 9 82 10 74 11 40 12 23 13 73 14 2 15 17 16 92 17 70 18 27 19 67 20 98 
1 37 2 92 3 34 4 47 5 56 6 88 7 85 8 33 9 45 10 69 11 32 12 18 13 33 14 75 15 94 16 93 17 10 18 51 19 24 20 32 
1 48 2 74 3 68 4 20 5 94 6 79 7 8 8 24 9 23 10 81 11 97 12 79 13 44 14 90 15 21 16 33 17 2 18 95 19 91 20 77 
1 5 2 63 3 35 4 20 5 52 6 65 7 94 8 43 9 72 10 72 11 29 12 60 13 48 14 54 15 16 16 90 17 80 18 57 19 12 20 4 
1 20 2 44 3 75 4 1 5 43 6 50 7 41 8 96 9 46 10 53 11 23 12 57 13 95 14 4 15 95 16 35 17 56 18 44 19 12 20 35 
1 17 2 16 3 41 4 47 5 72 6 58 7 51 8 15 9 85 10 19 11 9 12 2 13 61 14 74 15 95 16 16 17 19 18 11 19 11 20 30 
1 77 2 25 3 66 4 90 5 80 6 38 7 69 8 75 9 36 10 97 11 10 12 27 13 67 14 61 15 92 16 76 17 75 18 76 19 44 20 9 
1 24 2 44 3 82 4 62 5 31 6 33 7 24 8 17 9 75 10 65 11 89 12 70 13 87 14 2 15 14 16 90 17 72 18 35 19 49 20 56 
Reldue
-1 4259 -1 3
-1 3916 -1 1
-1 4801 -1 7
-1 5176 -1 5
-1 2847 -1 6
-1 3357 -1 5
-1 5327 -1 1
-1 3803 -1 2
-1 2933 -1 5
-1 3584 -1 8
-1 6041 -1 7
-1 4536 -1 1
-1 5578 -1 5
-1 5544 -1 4
-1 4013 -1 6
-1 3665 -1 5
-1 3373 -1 4
-1 3086 -1 7
-1 4307 -1 7
-1 3635 -1 4
-1 4327 -1 8
-1 4699 -1 9
-1 4219 -1 7
-1 3333 -1 10
-1 3125 -1 6
-1 5941 -1 1
-1 3274 -1 10
-1 3514 -1 3
-1 3895 -1 9
-1 3554 -1 7
-1 5185 -1 2
-1 4958 -1 4
-1 3791 -1 8
-1 4935 -1 9
-1 5785 -1 9
-1 6192 -1 8
-1 5288 -1 10
-1 5310 -1 2
-1 3586 -1 9
-1 3411 -1 10
-1 3294 -1 10
-1 4418 -1 4
-1 5514 -1 4
-1 3280 -1 2
-1 5754 -1 6
-1 3521 -1 10
-1 3424 -1 7
-1 4743 -1 5
-1 5434 -1 2
-1 4277 -1 3
-1 2859 -1 3
-1 4478 -1 3
-1 3114 -1 10
-1 6105 -1 6
-1 4247 -1 6
-1 5266 -1 8
-1 2901 -1 2
-1 5435 -1 5
-1 5317 -1 3
-1 4437 -1 2
-1 6170 -1 5
-1 4175 -1 8
-1 3640 -1 5
-1 5053 -1 9
-1 5595 -1 6
-1 6091 -1 2
-1 4668 -1 10
-1 3412 -1 6
-1 3428 -1 10
-1 3517 -1 9
-1 5464 -1 1
-1 4393 -1 6
-1 4190 -1 7
-1 5197 -1 10
-1 3697 -1 6
-1 5172 -1 10
-1 4868 -1 7
-1 3625 -1 7
-1 3088 -1 7
-1 3995 -1 9
-1 4535 -1 6
-1 4072 -1 4
-1 3634 -1 7
-1 4396 -1 2
-1 4121 -1 4
-1 4227 -1 10
-1 4342 -1 5
-1 3099 -1 1
-1 3982 -1 3
-1 4839 -1 2
-1 3569 -1 1
-1 3675 -1 10
-1 2901 -1 3
-1 3789 -1 2
-1 5208 -1 6
-1 5722 -1 2
-1 3886 -1 3
-1 6162 -1 5
-1 5234 -1 10
-1 5491 -1 6
LB 5638
