100 20
1 84 2 41 3 74 4 55 5 32 6 77 7 92 8 40 9 91 10 26 11 52 12 7 13 46 14 13 15 50 16 67 17 76 18 86 19 70 20 65 
1 13 2 22 3 49 4 42 5 80 6 91 7 63 8 58 9 20 10 34 11 60 12 40 13 16 14 37 15 66 16 2 17 44 18 16 19 87 20 84 
1 59 2 26 3 67 4 75 5 36 6 97 7 57 8 14 9 61 10 23 11 39 12 32 13 95 14 79 15 1 16 22 17 7 18 33 19 99 20 33 
1 15 2 32 3 79 4 84 5 81 6 71 7 67 8 83 9 86 10 56 11 28 12 63 13 44 14 75 15 72 16 43 17 84 18 22 19 7 20 69 
1 23 2 44 3 9 4 86 5 63 6 33 7 61 8 12 9 2 10 42 11 27 12 38 13 42 14 57 15 40 16 82 17 33 18 54 19 36 20 24 
1 30 2 43 3 39 4 5 5 94 6 33 7 51 8 86 9 28 10 34 11 92 12 96 13 35 14 1 15 92 16 12 17 63 18 97 19 89 20 55 
1 90 2 79 3 42 4 71 5 86 6 6 7 8 8 5 9 17 10 10 11 57 12 49 13 44 14 63 15 71 16 32 17 3 18 1 19 16 20 33 
1 49 2 16 3 62 4 3 5 35 6 23 7 43 8 67 9 90 10 2 11 79 12 54 13 81 14 64 15 85 16 88 17 71 18 3 19 60 20 46 
1 24 2 24 3 89 4 86 5 32 6 61 7 4 8 50 9 63 10 10 11 22 12 66 13 81 14 82 15 12 16 69 17 81 18 93 19 30 20 11 
1 81 2 72 3 21 4 34 5 73 6 18 7 7 8 37 9 11 10 50 11 36 12 26 13 43 14 82 15 31 16 53 17 1 18 10 19 42 20 30 
1 97 2 25 3 5 4 3 5 85 6 2 7 42 8 55 9 78 10 19 11 99 12 57 13 4 14 36 15 22 16 77 17 58 18 87 19 82 20 1 
1 69 2 85 3 22 4 53 5 73 6 94 7 22 8 97 9 61 10 68 11 61 12 10 13 14 14 82 15 36 16 7 17 63 18 72 19 42 20 48 
1 42 2 89 3 53 4 98 5 56 6 59 7 88 8 82 9 54 10 49 11 27 12 49 13 21 14 52 15 81 16 16 17 73 18 10 19 96 20 68 
1 70 2 17 3 25 4 93 5 72 6 48 7 43 8 88 9 93 10 50 11 40 12 6 13 9 14 53 15 4 16 5 17 73 18 81 19 20 20 9 
1 87 2 93 3 7 4 72 5 68 6 69 7 4 8 64 9 78 10 42 11 84 12 1 13 29 14 14 15 35 16 11 17 78 18 17 19 65 20 85 
1 20 2 82 3 66 4 17 5 48 6 82 7 48 8 12 9 69 10 41 11 54 12 94 13 6 14 55 15 85 16 76 17 97 18 62 19 43 20 87 
1 82 2 45 3 91 4 85 5 42 6 94 7 30 8 59 9 31 10 78 11 82 12 37 13 61 14 85 15 47 16 76 17 11 18 40 19 1 20 17 
1 31 2 80 3 82 4 37 5 75 6 68 7 33 8 96 9 46 10 9 11 44 12 34 13 81 14 50 15 36 16 96 17 44 18 32 19 58 20 90 
1 29 2 33 3 28 4 52 5 98 6 61 7 13 8 56 9 83 10 69 11 32 12 57 13 14 14 3 15 14 16 93 17 43 18 6 19 66 20 76 
1 3 2 96 3 55 4 66 5 42 6 67 7 27 8 44 9 66 10 51 11 88 12 30 13 77 14 70 15 10 16 78 17 10 18 51 19 37 20 41 
1 90 2 99 3 87 4 60 5 85 6 83 7 34 8 4 9 87 10 33 11 22 12 8 13 39 14 91 15 14 16 62 17 55 18 62 19 8 20 14 
1 81 2 92 3 79 4 17 5 3 6 68 7 92 8 88 9 83 10 19 11 23 12 58 13 96 14 42 15 17 16 77 17 95 18 64 19 17 20 98 
1 90 2 78 3 34 4 39 5 2 6 17 7 29 8 5 9 66 10 14 11 36 12 51 13 66 14 55 15 66 16 62 17 89 18 78 19 90 20 29 
1 17 2 78 3 48 4 53 5 76 6 52 7 84 8 96 9 43 10 33 11 49 12 13 13 12 14 22 15 26 16 72 17 70 18 28 19 92 20 95 
1 15 2 13 3 43 4 45 5 77 6 21 7 35 8 84 9 41 10 45 11 73 12 90 13 44 14 89 15 77 16 43 17 18 18 41 19 56 20 59 
1 32 2 88 3 57 4 21 5 19 6 85 7 72 8 87 9 16 10 2 11 25 12 52 13 54 14 42 15 57 16 45 17 36 18 10 19 78 20 45 
1 10 2 49 3 45 4 12 5 62 6 34 7 45 8 19 9 38 10 83 11 12 12 79 13 1 14 61 15 76 16 72 17 50 18 57 19 88 20 99 
1 18 2 1 3 68 4 19 5 37 6 2 7 64 8 34 9 34 10 37 11 17 12 42 13 64 14 53 15 94 16 98 17 43 18 73 19 53 20 91 
1 94 2 3 3 50 4 18 5 61 6 62 7 48 8 71 9 62 10 48 11 73 12 75 13 69 14 22 15 91 16 63 17 74 18 11 19 12 20 55 
1 58 2 62 3 80 4 92 5 56 6 40 7 81 8 90 9 56 10 10 11 70 12 75 13 93 14 5 15 17 16 13 17 52 18 70 19 50 20 77 
1 3 2 37 3 47 4 53 5 47 6 53 7 17 8 9 9 84 10 29 11 51 12 59 13 95 14 37 15 5 16 40 17 98 18 97 19 19 20 43 
1 55 2 77 3 69 4 54 5 59 6 32 7 66 8 65 9 87 10 41 11 14 12 71 13 72 14 54 15 14 16 33 17 8 18 49 19 36 20 88 
1 73 2 48 3 53 4 82 5 93 6 52 7 21 8 48 9 90 10 50 11 65 12 37 13 67 14 38 15 56 16 33 17 87 18 8 19 31 20 73 
1 5 2 98 3 50 4 59 5 73 6 7 7 24 8 91 9 17 10 94 11 75 12 2 13 35 14 82 15 12 16 31 17 63 18 90 19 49 20 35 
1 2 2 85 3 8 4 6 5 82 6 59 7 65 8 25 9 21 10 62 11 93 12 4 13 58 14 60 15 63 16 49 17 99 18 52 19 75 20 9 
1 17 2 21 3 77 4 98 5 15 6 50 7 70 8 73 9 58 10 69 11 3 12 95 13 32 14 52 15 56 16 11 17 70 18 54 19 62 20 89 
1 13 2 87 3 13 4 62 5 81 6 6 7 42 8 6 9 65 10 28 11 98 12 74 13 28 14 97 15 6 16 8 17 74 18 32 19 46 20 66 
1 41 2 36 3 3 4 82 5 56 6 19 7 64 8 92 9 29 10 52 11 37 12 25 13 92 14 8 15 40 16 47 17 28 18 87 19 32 20 95 
1 70 2 95 3 67 4 79 5 17 6 33 7 41 8 53 9 16 10 91 11 79 12 47 13 97 14 38 15 57 16 1 17 89 18 12 19 46 20 62 
1 48 2 43 3 38 4 49 5 24 6 66 7 57 8 53 9 80 10 64 11 44 12 91 13 32 14 37 15 45 16 49 17 33 18 66 19 26 20 14 
1 18 2 15 3 61 4 22 5 73 6 51 7 71 8 90 9 28 10 93 11 5 12 53 13 9 14 2 15 21 16 18 17 16 18 80 19 97 20 64 
1 83 2 2 3 34 4 14 5 22 6 45 7 86 8 36 9 5 10 72 11 54 12 56 13 28 14 53 15 71 16 70 17 71 18 30 19 16 20 27 
1 23 2 88 3 60 4 46 5 69 6 4 7 86 8 75 9 98 10 93 11 41 12 51 13 6 14 13 15 48 16 62 17 58 18 19 19 89 20 22 
1 49 2 84 3 63 4 9 5 51 6 46 7 30 8 55 9 77 10 91 11 7 12 34 13 10 14 85 15 26 16 36 17 74 18 84 19 59 20 92 
1 23 2 42 3 57 4 38 5 86 6 29 7 66 8 66 9 96 10 80 11 77 12 87 13 76 14 55 15 4 16 72 17 63 18 20 19 35 20 42 
1 66 2 27 3 17 4 89 5 26 6 39 7 46 8 78 9 49 10 50 11 83 12 47 13 57 14 31 15 44 16 89 17 36 18 77 19 40 20 42 
1 6 2 54 3 22 4 98 5 82 6 10 7 16 8 93 9 20 10 77 11 86 12 34 13 7 14 34 15 83 16 43 17 89 18 82 19 67 20 87 
1 83 2 32 3 59 4 18 5 84 6 33 7 28 8 70 9 87 10 84 11 43 12 90 13 13 14 78 15 55 16 9 17 44 18 30 19 35 20 7 
1 17 2 11 3 60 4 79 5 93 6 21 7 54 8 72 9 33 10 50 11 51 12 53 13 40 14 13 15 41 16 17 17 64 18 15 19 60 20 5 
1 71 2 40 3 71 4 15 5 15 6 25 7 85 8 57 9 63 10 15 11 62 12 99 13 74 14 80 15 64 16 50 17 14 18 64 19 34 20 25 
1 66 2 23 3 2 4 93 5 36 6 94 7 14 8 9 9 78 10 2 11 54 12 23 13 90 14 24 15 75 16 38 17 2 18 30 19 11 20 13 
1 30 2 27 3 38 4 55 5 18 6 89 7 15 8 87 9 2 10 7 11 95 12 31 13 66 14 87 15 59 16 59 17 39 18 44 19 37 20 83 
1 53 2 2 3 22 4 35 5 74 6 68 7 58 8 51 9 42 10 34 11 29 12 3 13 80 14 16 15 20 16 31 17 29 18 73 19 84 20 7 
1 29 2 20 3 51 4 42 5 93 6 89 7 95 8 79 9 66 10 85 11 31 12 64 13 21 14 15 15 74 16 2 17 13 18 47 19 66 20 61 
1 16 2 17 3 17 4 80 5 39 6 89 7 30 8 78 9 79 10 5 11 83 12 55 13 47 14 87 15 44 16 72 17 68 18 71 19 38 20 25 
1 38 2 15 3 75 4 30 5 76 6 70 7 40 8 25 9 27 10 3 11 18 12 30 13 71 14 77 15 28 16 59 17 81 18 17 19 4 20 26 
1 65 2 11 3 77 4 72 5 60 6 65 7 92 8 66 9 22 10 96 11 1 12 92 13 77 14 78 15 82 16 36 17 15 18 35 19 50 20 7 
1 30 2 12 3 21 4 50 5 82 6 34 7 39 8 11 9 29 10 16 11 6 12 32 13 82 14 55 15 65 16 13 17 55 18 74 19 20 20 15 
1 41 2 40 3 75 4 58 5 96 6 98 7 24 8 53 9 83 10 9 11 46 12 1 13 40 14 51 15 11 16 83 17 24 18 35 19 54 20 81 
1 9 2 94 3 46 4 58 5 75 6 63 7 41 8 16 9 22 10 7 11 9 12 25 13 26 14 23 15 95 16 29 17 89 18 63 19 69 20 61 
1 4 2 3 3 62 4 65 5 54 6 9 7 70 8 69 9 62 10 75 11 32 12 96 13 61 14 45 15 50 16 54 17 84 18 11 19 66 20 6 
1 19 2 57 3 91 4 71 5 97 6 32 7 68 8 17 9 71 10 82 11 11 12 86 13 38 14 39 15 66 16 86 17 37 18 53 19 11 20 31 
1 69 2 70 3 77 4 33 5 7 6 71 7 24 8 73 9 34 10 4 11 61 12 50 13 16 14 50 15 46 16 24 17 31 18 79 19 29 20 36 
1 39 2 74 3 68 4 47 5 32 6 79 7 18 8 31 9 79 10 14 11 40 12 17 13 60 14 8 15 73 16 54 17 71 18 78 19 23 20 37 
1 73 2 12 3 97 4 99 5 55 6 70 7 81 8 45 9 83 10 1 11 61 12 43 13 3 14 52 15 28 16 58 17 59 18 47 19 21 20 20 
1 91 2 15 3 68 4 65 5 6 6 43 7 37 8 80 9 81 10 71 11 95 12 40 13 84 14 28 15 31 16 73 17 36 18 98 19 53 20 58 
1 42 2 91 3 48 4 74 5 78 6 20 7 58 8 52 9 94 10 22 11 8 12 21 13 69 14 48 15 40 16 96 17 13 18 39 19 56 20 99 
1 83 2 46 3 30 4 79 5 60 6 34 7 56 8 53 9 88 10 3 11 12 12 32 13 68 14 90 15 77 16 27 17 77 18 4 19 10 20 9 
1 15 2 93 3 70 4 99 5 14 6 10 7 21 8 91 9 57 10 48 11 4 12 79 13 90 14 77 15 55 16 58 17 88 18 24 19 70 20 35 
1 96 2 9 3 76 4 46 5 1 6 25 7 10 8 22 9 52 10 50 11 11 12 75 13 35 14 38 15 15 16 85 17 64 18 6 19 89 20 17 
1 93 2 17 3 45 4 3 5 57 6 6 7 25 8 83 9 53 10 56 11 70 12 16 13 30 14 48 15 98 16 33 17 39 18 55 19 74 20 89 
1 99 2 37 3 42 4 20 5 85 6 46 7 37 8 69 9 72 10 39 11 22 12 23 13 80 14 11 15 31 16 8 17 40 18 68 19 14 20 37 
1 64 2 48 3 18 4 55 5 69 6 84 7 56 8 37 9 49 10 71 11 51 12 56 13 53 14 7 15 70 16 46 17 87 18 87 19 94 20 31 
1 85 2 57 3 11 4 8 5 18 6 89 7 37 8 66 9 37 10 28 11 60 12 61 13 91 14 72 15 82 16 47 17 97 18 1 19 44 20 15 
1 59 2 52 3 8 4 12 5 1 6 91 7 69 8 56 9 49 10 2 11 56 12 48 13 7 14 20 15 13 16 37 17 32 18 62 19 38 20 19 
1 21 2 23 3 63 4 63 5 96 6 62 7 89 8 57 9 83 10 87 11 42 12 12 13 25 14 63 15 60 16 21 17 99 18 18 19 76 20 67 
1 97 2 95 3 59 4 18 5 91 6 20 7 25 8 89 9 99 10 94 11 86 12 69 13 34 14 90 15 80 16 76 17 35 18 68 19 51 20 50 
1 15 2 77 3 80 4 83 5 87 6 60 7 2 8 68 9 87 10 49 11 19 12 75 13 14 14 29 15 50 16 6 17 5 18 85 19 94 20 8 
1 48 2 85 3 26 4 46 5 93 6 5 7 72 8 50 9 14 10 59 11 4 12 30 13 17 14 49 15 51 16 14 17 39 18 87 19 74 20 43 
1 15 2 83 3 57 4 27 5 66 6 89 7 80 8 20 9 95 10 44 11 33 12 81 13 12 14 14 15 44 16 92 17 19 18 84 19 66 20 71 
1 23 2 31 3 61 4 32 5 13 6 33 7 79 8 69 9 48 10 12 11 27 12 92 13 58 14 77 15 63 16 28 17 30 18 87 19 18 20 16 
1 37 2 98 3 94 4 21 5 39 6 1 7 39 8 31 9 62 10 4 11 12 12 12 13 71 14 91 15 57 16 63 17 21 18 15 19 41 20 50 
1 3 2 78 3 41 4 14 5 31 6 22 7 7 8 93 9 66 10 68 11 7 12 40 13 39 14 82 15 18 16 33 17 8 18 15 19 48 20 94 
1 97 2 28 3 68 4 61 5 15 6 53 7 40 8 36 9 38 10 56 11 62 12 29 13 35 14 50 15 36 16 21 17 64 18 30 19 38 20 58 
1 74 2 87 3 7 4 83 5 84 6 77 7 67 8 41 9 23 10 44 11 85 12 48 13 49 14 71 15 30 16 20 17 58 18 4 19 87 20 83 
1 72 2 93 3 85 4 30 5 23 6 95 7 47 8 21 9 29 10 83 11 7 12 22 13 95 14 82 15 67 16 28 17 85 18 44 19 79 20 57 
1 99 2 33 3 63 4 66 5 80 6 6 7 20 8 2 9 6 10 34 11 82 12 80 13 18 14 3 15 30 16 90 17 41 18 43 19 42 20 76 
1 21 2 81 3 1 4 87 5 10 6 4 7 19 8 57 9 19 10 87 11 36 12 97 13 56 14 11 15 68 16 82 17 30 18 1 19 86 20 7 
1 92 2 63 3 90 4 43 5 49 6 93 7 91 8 27 9 71 10 54 11 2 12 91 13 71 14 85 15 50 16 41 17 85 18 36 19 63 20 58 
1 2 2 24 3 86 4 51 5 95 6 20 7 55 8 31 9 61 10 43 11 81 12 22 13 20 14 56 15 72 16 60 17 53 18 13 19 68 20 97 
1 42 2 73 3 56 4 82 5 28 6 46 7 88 8 98 9 4 10 84 11 81 12 23 13 8 14 95 15 13 16 91 17 53 18 75 19 72 20 75 
1 56 2 21 3 2 4 67 5 48 6 35 7 34 8 61 9 21 10 12 11 54 12 41 13 61 14 67 15 98 16 40 17 95 18 65 19 25 20 33 
1 73 2 81 3 29 4 91 5 21 6 24 7 14 8 53 9 35 10 47 11 97 12 70 13 99 14 43 15 92 16 9 17 7 18 80 19 65 20 52 
1 43 2 84 3 77 4 13 5 63 6 85 7 69 8 83 9 12 10 84 11 27 12 81 13 25 14 81 15 52 16 2 17 32 18 80 19 15 20 2 
1 29 2 5 3 80 4 62 5 9 6 15 7 17 8 43 9 94 10 85 11 4 12 20 13 64 14 81 15 11 16 98 17 34 18 72 19 38 20 33 
1 76 2 27 3 37 4 75 5 82 6 95 7 91 8 64 9 42 10 68 11 88 12 84 13 48 14 72 15 68 16 64 17 42 18 69 19 4 20 43 
1 30 2 86 3 14 4 9 5 42 6 7 7 59 8 62 9 35 10 62 11 23 12 15 13 88 14 65 15 1 16 73 17 23 18 84 19 62 20 64 
1 64 2 66 3 66 4 59 5 26 6 21 7 3 8 7 9 35 10 82 11 96 12 11 13 87 14 36 15 23 16 54 17 39 18 92 19 15 20 4 
1 8 2 22 3 44 4 43 5 74 6 2 7 72 8 88 9 76 10 78 11 82 12 98 13 89 14 72 15 98 16 26 17 71 18 75 19 82 20 76 
1 57 2 45 3 52 4 38 5 24 6 27 7 14 8 38 9 10 10 86 11 22 12 58 13 15 14 7 15 92 16 9 17 45 18 78 19 88 20 5 
Reldue
-1 5836 -1 1
-1 4905 -1 6
-1 5356 -1 3
-1 3647 -1 10
-1 3267 -1 7
-1 4946 -1 3
-1 3383 -1 6
-1 4958 -1 7
-1 5397 -1 9
-1 3377 -1 5
-1 4265 -1 8
-1 2864 -1 9
-1 4593 -1 2
-1 5336 -1 10
-1 3068 -1 6
-1 3443 -1 9
-1 4559 -1 5
-1 5437 -1 4
-1 5464 -1 10
-1 4329 -1 3
-1 2822 -1 2
-1 5639 -1 4
-1 5371 -1 6
-1 2882 -1 3
-1 5049 -1 4
-1 4753 -1 1
-1 4625 -1 9
-1 5833 -1 6
-1 3106 -1 5
-1 3455 -1 3
-1 3974 -1 5
-1 4818 -1 8
-1 5556 -1 4
-1 5489 -1 9
-1 4663 -1 8
-1 4964 -1 4
-1 5601 -1 3
-1 3744 -1 9
-1 3144 -1 1
-1 4260 -1 7
-1 3402 -1 8
-1 3982 -1 2
-1 2913 -1 3
-1 5253 -1 7
-1 6018 -1 6
-1 4531 -1 6
-1 3786 -1 2
-1 3578 -1 4
-1 5476 -1 6
-1 4661 -1 4
-1 5784 -1 8
-1 3090 -1 5
-1 3517 -1 9
-1 3582 -1 9
-1 5676 -1 3
-1 4686 -1 2
-1 5911 -1 7
-1 5393 -1 7
-1 3613 -1 8
-1 3056 -1 1
-1 2945 -1 4
-1 3479 -1 8
-1 2948 -1 4
-1 2752 -1 3
-1 4057 -1 9
-1 4997 -1 6
-1 2869 -1 9
-1 5392 -1 7
-1 4791 -1 5
-1 6036 -1 7
-1 3149 -1 5
-1 3825 -1 4
-1 3677 -1 2
-1 4790 -1 4
-1 3973 -1 6
-1 3382 -1 3
-1 3579 -1 3
-1 6010 -1 4
-1 4725 -1 6
-1 5676 -1 7
-1 4420 -1 4
-1 2778 -1 9
-1 4616 -1 8
-1 2810 -1 10
-1 3099 -1 1
-1 3878 -1 6
-1 2930 -1 8
-1 5333 -1 10
-1 5395 -1 8
-1 2824 -1 3
-1 5763 -1 3
-1 4777 -1 9
-1 3828 -1 1
-1 5958 -1 8
-1 3703 -1 10
-1 3349 -1 3
-1 3725 -1 6
-1 4736 -1 9
-1 3772 -1 2
-1 5390 -1 7
LB 5498
