100 20
1 89 2 13 3 23 4 72 5 29 6 11 7 81 8 62 9 27 10 26 11 88 12 33 13 5 14 78 15 11 16 11 17 1 18 87 19 85 20 6 
1 38 2 42 3 68 4 80 5 69 6 78 7 46 8 18 9 1 10 32 11 10 12 60 13 28 14 91 15 44 16 2 17 72 18 64 19 11 20 46 
1 31 2 20 3 66 4 58 5 76 6 78 7 82 8 14 9 57 10 80 11 42 12 22 13 14 14 68 15 62 16 75 17 58 18 79 19 93 20 61 
1 10 2 79 3 5 4 51 5 17 6 53 7 2 8 12 9 4 10 98 11 13 12 29 13 86 14 18 15 84 16 49 17 36 18 33 19 82 20 11 
1 53 2 63 3 86 4 53 5 68 6 57 7 49 8 73 9 53 10 87 11 87 12 57 13 13 14 51 15 60 16 77 17 56 18 34 19 81 20 64 
1 5 2 76 3 96 4 57 5 27 6 50 7 29 8 39 9 9 10 99 11 29 12 66 13 80 14 35 15 1 16 91 17 49 18 28 19 44 20 44 
1 68 2 20 3 20 4 92 5 79 6 39 7 75 8 79 9 30 10 43 11 35 12 35 13 79 14 37 15 72 16 40 17 23 18 74 19 31 20 84 
1 73 2 93 3 22 4 83 5 62 6 3 7 68 8 84 9 37 10 56 11 37 12 54 13 40 14 10 15 20 16 29 17 69 18 68 19 90 20 93 
1 38 2 51 3 47 4 94 5 64 6 8 7 1 8 59 9 54 10 49 11 85 12 5 13 79 14 90 15 82 16 33 17 31 18 72 19 32 20 96 
1 47 2 42 3 55 4 87 5 15 6 83 7 91 8 2 9 94 10 88 11 58 12 91 13 50 14 35 15 49 16 11 17 78 18 36 19 28 20 90 
1 32 2 8 3 81 4 94 5 52 6 64 7 87 8 60 9 17 10 27 11 48 12 31 13 77 14 66 15 7 16 96 17 1 18 73 19 72 20 44 
1 19 2 35 3 72 4 37 5 91 6 35 7 99 8 72 9 58 10 84 11 74 12 97 13 77 14 48 15 77 16 25 17 20 18 84 19 16 20 40 
1 47 2 59 3 42 4 30 5 17 6 55 7 41 8 68 9 73 10 44 11 97 12 8 13 77 14 18 15 40 16 73 17 54 18 2 19 5 20 42 
1 40 2 12 3 21 4 8 5 66 6 77 7 65 8 34 9 30 10 69 11 65 12 12 13 43 14 20 15 67 16 51 17 67 18 42 19 65 20 65 
1 88 2 9 3 1 4 82 5 65 6 65 7 89 8 43 9 77 10 58 11 75 12 39 13 96 14 24 15 16 16 1 17 55 18 69 19 57 20 89 
1 64 2 48 3 27 4 55 5 47 6 31 7 49 8 19 9 72 10 57 11 87 12 25 13 52 14 41 15 80 16 67 17 62 18 97 19 19 20 30 
1 80 2 12 3 95 4 65 5 17 6 22 7 96 8 95 9 18 10 18 11 57 12 16 13 29 14 30 15 25 16 36 17 68 18 47 19 54 20 84 
1 76 2 41 3 18 4 12 5 31 6 12 7 30 8 55 9 44 10 92 11 25 12 6 13 96 14 32 15 98 16 49 17 63 18 27 19 40 20 13 
1 98 2 17 3 8 4 4 5 87 6 28 7 71 8 76 9 41 10 86 11 47 12 4 13 32 14 64 15 80 16 62 17 9 18 40 19 95 20 17 
1 57 2 11 3 86 4 30 5 67 6 95 7 43 8 23 9 53 10 78 11 81 12 63 13 20 14 88 15 97 16 75 17 17 18 83 19 22 20 14 
1 63 2 44 3 4 4 88 5 63 6 90 7 7 8 80 9 12 10 68 11 69 12 46 13 82 14 68 15 9 16 3 17 4 18 87 19 87 20 60 
1 88 2 18 3 80 4 80 5 24 6 28 7 85 8 83 9 12 10 75 11 83 12 76 13 36 14 23 15 49 16 30 17 87 18 92 19 94 20 92 
1 77 2 16 3 57 4 43 5 19 6 94 7 5 8 1 9 47 10 46 11 83 12 50 13 96 14 16 15 17 16 61 17 29 18 91 19 93 20 99 
1 87 2 29 3 98 4 38 5 78 6 50 7 86 8 96 9 54 10 92 11 2 12 69 13 63 14 47 15 49 16 61 17 31 18 19 19 48 20 79 
1 6 2 16 3 70 4 24 5 64 6 35 7 30 8 92 9 56 10 89 11 73 12 35 13 70 14 60 15 7 16 7 17 18 18 3 19 64 20 94 
1 68 2 44 3 24 4 11 5 98 6 20 7 81 8 84 9 30 10 70 11 30 12 44 13 20 14 16 15 66 16 16 17 23 18 40 19 22 20 53 
1 3 2 8 3 14 4 29 5 19 6 61 7 11 8 8 9 17 10 67 11 78 12 47 13 76 14 17 15 22 16 27 17 87 18 18 19 50 20 31 
1 74 2 72 3 16 4 3 5 41 6 60 7 26 8 29 9 44 10 43 11 63 12 5 13 48 14 12 15 45 16 38 17 43 18 95 19 22 20 82 
1 36 2 86 3 4 4 46 5 98 6 15 7 12 8 38 9 71 10 98 11 47 12 16 13 33 14 34 15 22 16 71 17 64 18 83 19 29 20 47 
1 15 2 32 3 71 4 20 5 36 6 37 7 78 8 99 9 72 10 58 11 51 12 50 13 9 14 55 15 40 16 80 17 12 18 29 19 68 20 86 
1 31 2 91 3 17 4 1 5 99 6 20 7 54 8 70 9 99 10 51 11 47 12 75 13 41 14 87 15 42 16 67 17 42 18 14 19 36 20 14 
1 39 2 44 3 29 4 64 5 44 6 79 7 30 8 17 9 41 10 70 11 35 12 12 13 75 14 76 15 89 16 97 17 39 18 89 19 93 20 74 
1 47 2 3 3 47 4 13 5 90 6 75 7 74 8 53 9 18 10 58 11 64 12 48 13 93 14 14 15 68 16 6 17 62 18 21 19 19 20 63 
1 89 2 7 3 5 4 61 5 93 6 82 7 88 8 77 9 73 10 91 11 75 12 29 13 11 14 11 15 29 16 42 17 79 18 38 19 69 20 15 
1 50 2 40 3 63 4 36 5 12 6 73 7 49 8 35 9 83 10 6 11 86 12 65 13 26 14 61 15 58 16 64 17 67 18 28 19 74 20 87 
1 48 2 55 3 29 4 93 5 68 6 36 7 32 8 30 9 53 10 3 11 18 12 1 13 25 14 92 15 48 16 23 17 8 18 81 19 84 20 67 
1 15 2 64 3 71 4 28 5 85 6 61 7 42 8 84 9 49 10 63 11 86 12 34 13 58 14 69 15 96 16 74 17 4 18 41 19 49 20 75 
1 9 2 75 3 11 4 92 5 52 6 82 7 87 8 47 9 98 10 73 11 87 12 36 13 99 14 13 15 77 16 52 17 38 18 33 19 68 20 87 
1 49 2 32 3 69 4 33 5 25 6 28 7 15 8 33 9 11 10 55 11 71 12 57 13 33 14 92 15 11 16 36 17 74 18 36 19 68 20 65 
1 67 2 23 3 96 4 65 5 44 6 53 7 66 8 50 9 94 10 93 11 89 12 97 13 7 14 55 15 13 16 35 17 85 18 8 19 90 20 48 
1 88 2 97 3 91 4 33 5 49 6 11 7 64 8 84 9 71 10 22 11 57 12 44 13 74 14 44 15 64 16 81 17 13 18 85 19 41 20 22 
1 68 2 61 3 49 4 22 5 78 6 59 7 16 8 91 9 70 10 33 11 24 12 83 13 48 14 74 15 15 16 32 17 79 18 79 19 51 20 67 
1 29 2 57 3 11 4 49 5 43 6 11 7 39 8 2 9 49 10 37 11 38 12 43 13 24 14 86 15 1 16 25 17 3 18 16 19 67 20 6 
1 4 2 11 3 32 4 1 5 10 6 82 7 22 8 77 9 67 10 92 11 59 12 97 13 72 14 5 15 8 16 63 17 90 18 95 19 12 20 23 
1 1 2 51 3 37 4 39 5 16 6 56 7 70 8 11 9 87 10 50 11 79 12 39 13 31 14 15 15 70 16 74 17 42 18 87 19 33 20 4 
1 61 2 7 3 1 4 71 5 63 6 47 7 1 8 75 9 96 10 11 11 18 12 53 13 91 14 76 15 52 16 19 17 84 18 81 19 23 20 53 
1 87 2 67 3 95 4 60 5 32 6 35 7 23 8 49 9 78 10 56 11 19 12 40 13 1 14 48 15 89 16 35 17 77 18 14 19 42 20 27 
1 51 2 61 3 13 4 65 5 81 6 99 7 54 8 26 9 80 10 56 11 6 12 88 13 63 14 20 15 56 16 84 17 52 18 48 19 21 20 36 
1 42 2 35 3 5 4 56 5 33 6 94 7 96 8 24 9 16 10 87 11 37 12 53 13 40 14 86 15 67 16 35 17 49 18 85 19 68 20 48 
1 60 2 19 3 77 4 58 5 37 6 28 7 74 8 6 9 80 10 4 11 13 12 59 13 70 14 3 15 37 16 84 17 97 18 60 19 17 20 57 
1 51 2 15 3 9 4 7 5 43 6 33 7 75 8 61 9 15 10 37 11 87 12 10 13 52 14 41 15 51 16 8 17 5 18 97 19 23 20 27 
1 70 2 63 3 37 4 47 5 2 6 53 7 80 8 48 9 9 10 35 11 61 12 54 13 30 14 97 15 66 16 45 17 98 18 70 19 6 20 58 
1 20 2 67 3 33 4 44 5 51 6 15 7 44 8 45 9 73 10 71 11 94 12 92 13 85 14 23 15 83 16 66 17 14 18 32 19 89 20 18 
1 36 2 40 3 53 4 97 5 33 6 59 7 45 8 92 9 97 10 92 11 7 12 88 13 52 14 70 15 54 16 7 17 28 18 79 19 18 20 7 
1 55 2 67 3 58 4 8 5 47 6 50 7 7 8 71 9 67 10 53 11 60 12 25 13 45 14 83 15 4 16 90 17 66 18 68 19 49 20 15 
1 12 2 64 3 75 4 55 5 95 6 41 7 62 8 57 9 57 10 76 11 4 12 88 13 84 14 21 15 61 16 3 17 31 18 83 19 87 20 48 
1 95 2 44 3 76 4 34 5 49 6 11 7 18 8 27 9 88 10 54 11 38 12 90 13 63 14 47 15 44 16 66 17 45 18 53 19 91 20 26 
1 32 2 21 3 85 4 25 5 5 6 36 7 59 8 21 9 39 10 50 11 33 12 74 13 14 14 67 15 25 16 66 17 89 18 12 19 40 20 30 
1 91 2 33 3 51 4 86 5 30 6 41 7 63 8 96 9 35 10 60 11 78 12 10 13 48 14 30 15 66 16 16 17 49 18 36 19 81 20 66 
1 27 2 12 3 22 4 18 5 84 6 58 7 31 8 24 9 71 10 63 11 37 12 5 13 11 14 96 15 7 16 39 17 88 18 12 19 43 20 81 
1 93 2 72 3 32 4 35 5 89 6 86 7 71 8 19 9 59 10 41 11 57 12 35 13 59 14 5 15 86 16 50 17 62 18 81 19 74 20 19 
1 59 2 90 3 98 4 45 5 9 6 83 7 66 8 80 9 83 10 80 11 16 12 93 13 51 14 47 15 92 16 88 17 70 18 54 19 7 20 63 
1 92 2 61 3 2 4 78 5 78 6 43 7 83 8 70 9 85 10 48 11 69 12 34 13 13 14 73 15 42 16 9 17 55 18 34 19 49 20 8 
1 96 2 55 3 88 4 98 5 59 6 43 7 98 8 5 9 69 10 49 11 85 12 83 13 71 14 46 15 34 16 97 17 51 18 76 19 85 20 58 
1 84 2 66 3 32 4 42 5 33 6 97 7 91 8 73 9 68 10 84 11 58 12 68 13 94 14 22 15 73 16 22 17 2 18 46 19 14 20 15 
1 9 2 36 3 87 4 27 5 38 6 13 7 34 8 53 9 63 10 83 11 21 12 74 13 86 14 67 15 41 16 26 17 18 18 11 19 75 20 75 
1 88 2 19 3 40 4 45 5 7 6 17 7 12 8 13 9 58 10 28 11 60 12 96 13 46 14 18 15 5 16 33 17 96 18 49 19 28 20 32 
1 90 2 95 3 44 4 55 5 12 6 92 7 60 8 21 9 54 10 65 11 56 12 97 13 51 14 90 15 85 16 89 17 47 18 62 19 87 20 37 
1 80 2 88 3 89 4 7 5 16 6 70 7 71 8 48 9 60 10 86 11 6 12 55 13 8 14 94 15 45 16 57 17 16 18 86 19 22 20 50 
1 84 2 70 3 19 4 98 5 54 6 34 7 96 8 67 9 85 10 47 11 57 12 8 13 26 14 18 15 61 16 7 17 96 18 56 19 35 20 51 
1 88 2 76 3 18 4 93 5 25 6 49 7 51 8 22 9 48 10 61 11 3 12 98 13 23 14 26 15 29 16 60 17 60 18 90 19 21 20 43 
1 63 2 31 3 8 4 69 5 9 6 84 7 87 8 22 9 30 10 90 11 47 12 4 13 19 14 6 15 37 16 22 17 17 18 8 19 19 20 15 
1 64 2 60 3 88 4 98 5 17 6 51 7 49 8 13 9 67 10 52 11 91 12 37 13 17 14 73 15 36 16 62 17 14 18 25 19 79 20 75 
1 91 2 53 3 73 4 44 5 22 6 3 7 35 8 45 9 22 10 22 11 10 12 80 13 47 14 11 15 62 16 46 17 17 18 45 19 83 20 22 
1 91 2 46 3 81 4 52 5 73 6 62 7 75 8 65 9 41 10 50 11 84 12 47 13 11 14 72 15 13 16 52 17 82 18 92 19 78 20 64 
1 73 2 83 3 54 4 8 5 61 6 93 7 22 8 34 9 95 10 93 11 22 12 27 13 43 14 81 15 62 16 44 17 51 18 23 19 44 20 53 
1 78 2 99 3 88 4 45 5 15 6 3 7 98 8 89 9 62 10 78 11 40 12 82 13 62 14 77 15 67 16 73 17 48 18 70 19 70 20 71 
1 75 2 59 3 12 4 59 5 68 6 2 7 74 8 95 9 20 10 36 11 33 12 49 13 87 14 8 15 42 16 71 17 56 18 98 19 40 20 24 
1 55 2 81 3 73 4 20 5 88 6 8 7 43 8 59 9 12 10 32 11 45 12 1 13 24 14 29 15 45 16 59 17 93 18 83 19 29 20 83 
1 45 2 39 3 47 4 58 5 24 6 37 7 28 8 51 9 80 10 79 11 57 12 49 13 27 14 80 15 91 16 79 17 71 18 36 19 46 20 52 
1 92 2 57 3 97 4 87 5 20 6 93 7 49 8 31 9 66 10 95 11 14 12 19 13 44 14 50 15 5 16 3 17 58 18 47 19 72 20 19 
1 28 2 25 3 41 4 39 5 55 6 29 7 49 8 40 9 39 10 38 11 96 12 48 13 6 14 27 15 29 16 33 17 35 18 54 19 52 20 69 
1 56 2 5 3 70 4 39 5 46 6 23 7 86 8 57 9 70 10 64 11 91 12 99 13 49 14 8 15 48 16 3 17 73 18 51 19 66 20 90 
1 69 2 1 3 30 4 38 5 58 6 23 7 32 8 77 9 46 10 3 11 46 12 93 13 1 14 55 15 11 16 87 17 95 18 8 19 62 20 98 
1 88 2 62 3 90 4 59 5 92 6 53 7 34 8 65 9 69 10 18 11 95 12 69 13 87 14 14 15 3 16 67 17 67 18 52 19 67 20 20 
1 94 2 50 3 60 4 30 5 64 6 46 7 37 8 16 9 74 10 80 11 70 12 26 13 50 14 41 15 93 16 23 17 16 18 21 19 70 20 60 
1 81 2 47 3 8 4 59 5 41 6 23 7 89 8 83 9 73 10 41 11 27 12 55 13 76 14 8 15 17 16 85 17 87 18 31 19 30 20 43 
1 11 2 10 3 49 4 69 5 84 6 29 7 8 8 13 9 80 10 1 11 77 12 77 13 69 14 18 15 70 16 89 17 99 18 42 19 71 20 2 
1 47 2 90 3 57 4 79 5 76 6 79 7 69 8 25 9 68 10 41 11 91 12 24 13 28 14 98 15 75 16 34 17 78 18 29 19 94 20 96 
1 65 2 60 3 53 4 23 5 53 6 53 7 81 8 65 9 96 10 80 11 96 12 61 13 4 14 34 15 79 16 14 17 81 18 38 19 37 20 49 
1 52 2 39 3 73 4 19 5 92 6 86 7 54 8 15 9 52 10 36 11 6 12 14 13 21 14 3 15 23 16 33 17 93 18 91 19 84 20 6 
1 61 2 92 3 78 4 50 5 41 6 66 7 84 8 20 9 57 10 29 11 5 12 49 13 1 14 81 15 82 16 87 17 51 18 64 19 62 20 22 
1 87 2 34 3 72 4 74 5 80 6 56 7 96 8 27 9 89 10 89 11 56 12 4 13 47 14 9 15 18 16 55 17 47 18 83 19 99 20 61 
1 53 2 11 3 44 4 91 5 73 6 38 7 93 8 52 9 6 10 88 11 47 12 95 13 16 14 60 15 14 16 7 17 60 18 71 19 88 20 96 
1 59 2 89 3 68 4 47 5 32 6 41 7 68 8 86 9 86 10 47 11 8 12 89 13 58 14 72 15 61 16 25 17 55 18 52 19 35 20 21 
1 43 2 77 3 47 4 79 5 47 6 26 7 5 8 21 9 71 10 96 11 12 12 60 13 42 14 13 15 92 16 36 17 3 18 56 19 84 20 66 
1 26 2 18 3 15 4 11 5 4 6 50 7 35 8 99 9 39 10 52 11 23 12 54 13 48 14 78 15 27 16 90 17 65 18 90 19 1 20 67 
1 87 2 2 3 10 4 42 5 54 6 46 7 56 8 33 9 45 10 84 11 53 12 98 13 42 14 81 15 35 16 43 17 13 18 49 19 45 20 41 
1 11 2 62 3 67 4 77 5 25 6 76 7 9 8 57 9 12 10 31 11 49 12 42 13 69 14 98 15 77 16 64 17 68 18 91 19 29 20 30 
1 61 2 1 3 39 4 12 5 12 6 55 7 60 8 44 9 90 10 91 11 35 12 1 13 75 14 8 15 17 16 99 17 4 18 44 19 17 20 35 
Reldue
-1 3396 -1 9
-1 3935 -1 2
-1 3859 -1 8
-1 3103 -1 8
-1 3303 -1 2
-1 3339 -1 1
-1 5228 -1 6
-1 5871 -1 9
-1 4654 -1 9
-1 5392 -1 7
-1 6177 -1 3
-1 6412 -1 3
-1 4944 -1 1
-1 3948 -1 2
-1 3271 -1 9
-1 6056 -1 6
-1 5942 -1 2
-1 3136 -1 9
-1 3729 -1 8
-1 4301 -1 7
-1 5433 -1 8
-1 4303 -1 6
-1 4235 -1 3
-1 5073 -1 10
-1 3688 -1 5
-1 4824 -1 5
-1 4658 -1 1
-1 6438 -1 8
-1 4986 -1 1
-1 2960 -1 9
-1 5798 -1 2
-1 4748 -1 9
-1 5202 -1 8
-1 3652 -1 6
-1 3836 -1 2
-1 4840 -1 6
-1 4080 -1 8
-1 3053 -1 1
-1 3638 -1 2
-1 6375 -1 2
-1 4041 -1 8
-1 5161 -1 10
-1 3119 -1 10
-1 4108 -1 1
-1 3538 -1 4
-1 4816 -1 4
-1 6117 -1 10
-1 5725 -1 3
-1 4568 -1 9
-1 6331 -1 8
-1 5333 -1 5
-1 3411 -1 4
-1 5505 -1 5
-1 3401 -1 4
-1 4880 -1 4
-1 4971 -1 4
-1 4588 -1 2
-1 5190 -1 3
-1 5268 -1 6
-1 5839 -1 4
-1 3393 -1 5
-1 4168 -1 3
-1 3632 -1 4
-1 6457 -1 1
-1 5342 -1 4
-1 4772 -1 7
-1 3114 -1 1
-1 6380 -1 10
-1 4411 -1 9
-1 4516 -1 6
-1 3092 -1 9
-1 5127 -1 6
-1 4167 -1 7
-1 4071 -1 3
-1 3014 -1 1
-1 4504 -1 10
-1 5672 -1 5
-1 6087 -1 8
-1 3061 -1 8
-1 5326 -1 1
-1 3488 -1 7
-1 5606 -1 7
-1 3691 -1 10
-1 5967 -1 7
-1 6044 -1 4
-1 6062 -1 7
-1 4302 -1 5
-1 3814 -1 10
-1 3469 -1 9
-1 3186 -1 6
-1 3799 -1 1
-1 3885 -1 3
-1 6313 -1 6
-1 4348 -1 2
-1 2977 -1 4
-1 3050 -1 1
-1 6239 -1 5
-1 4967 -1 5
-1 5815 -1 3
-1 3378 -1 1
LB 5887
