100 20
1 41 2 16 3 73 4 23 5 44 6 83 7 76 8 8 9 35 10 50 11 96 12 76 13 86 14 48 15 64 16 32 17 91 18 21 19 38 20 40 
1 68 2 5 3 43 4 52 5 39 6 34 7 59 8 68 9 70 10 89 11 69 12 47 13 71 14 96 15 84 16 32 17 67 18 81 19 53 20 77 
1 51 2 5 3 91 4 64 5 80 6 50 7 40 8 47 9 9 10 51 11 16 12 9 13 18 14 23 15 74 16 58 17 91 18 63 19 84 20 97 
1 44 2 33 3 27 4 9 5 77 6 11 7 41 8 35 9 61 10 10 11 71 12 87 13 71 14 20 15 57 16 83 17 2 18 69 19 41 20 82 
1 62 2 71 3 98 4 19 5 85 6 91 7 88 8 23 9 44 10 53 11 75 12 73 13 91 14 92 15 97 16 17 17 56 18 22 19 44 20 94 
1 81 2 41 3 71 4 75 5 38 6 60 7 18 8 16 9 31 10 78 11 27 12 40 13 64 14 21 15 23 16 60 17 50 18 28 19 1 20 63 
1 41 2 59 3 93 4 37 5 64 6 76 7 51 8 74 9 8 10 50 11 83 12 2 13 80 14 92 15 97 16 50 17 41 18 47 19 60 20 74 
1 79 2 95 3 96 4 33 5 17 6 22 7 44 8 59 9 99 10 22 11 50 12 64 13 84 14 93 15 52 16 98 17 9 18 87 19 89 20 12 
1 2 2 44 3 70 4 60 5 64 6 8 7 81 8 93 9 80 10 18 11 38 12 58 13 32 14 35 15 81 16 43 17 49 18 37 19 23 20 20 
1 96 2 18 3 46 4 73 5 38 6 10 7 22 8 37 9 40 10 84 11 91 12 37 13 41 14 20 15 57 16 9 17 79 18 50 19 52 20 28 
1 68 2 80 3 3 4 23 5 6 6 6 7 83 8 94 9 13 10 93 11 7 12 45 13 6 14 17 15 70 16 53 17 63 18 27 19 84 20 26 
1 37 2 16 3 86 4 19 5 23 6 94 7 15 8 65 9 70 10 88 11 34 12 72 13 97 14 83 15 94 16 80 17 29 18 21 19 91 20 81 
1 7 2 39 3 25 4 7 5 44 6 58 7 22 8 86 9 37 10 64 11 84 12 5 13 55 14 35 15 77 16 80 17 40 18 63 19 86 20 2 
1 52 2 46 3 29 4 24 5 37 6 82 7 83 8 93 9 92 10 39 11 75 12 27 13 63 14 34 15 3 16 60 17 58 18 39 19 97 20 86 
1 77 2 20 3 54 4 83 5 9 6 12 7 42 8 59 9 24 10 28 11 59 12 61 13 17 14 5 15 48 16 77 17 62 18 99 19 24 20 20 
1 98 2 32 3 82 4 90 5 74 6 60 7 1 8 9 9 11 10 9 11 47 12 36 13 79 14 80 15 55 16 50 17 7 18 98 19 99 20 96 
1 50 2 30 3 35 4 55 5 60 6 98 7 14 8 13 9 48 10 84 11 59 12 45 13 67 14 32 15 36 16 51 17 91 18 11 19 92 20 43 
1 44 2 36 3 43 4 4 5 94 6 65 7 6 8 11 9 12 10 95 11 82 12 83 13 66 14 87 15 35 16 15 17 87 18 30 19 20 20 42 
1 65 2 95 3 99 4 12 5 22 6 22 7 28 8 84 9 74 10 18 11 41 12 80 13 11 14 50 15 69 16 14 17 31 18 83 19 7 20 88 
1 22 2 91 3 81 4 18 5 38 6 71 7 58 8 30 9 48 10 57 11 35 12 23 13 1 14 23 15 27 16 1 17 69 18 52 19 52 20 24 
1 48 2 64 3 29 4 81 5 74 6 47 7 63 8 55 9 81 10 55 11 49 12 52 13 8 14 52 15 64 16 65 17 89 18 54 19 50 20 76 
1 48 2 17 3 39 4 47 5 60 6 88 7 89 8 53 9 26 10 3 11 72 12 38 13 10 14 11 15 84 16 55 17 13 18 96 19 5 20 65 
1 96 2 27 3 75 4 79 5 15 6 70 7 17 8 92 9 6 10 97 11 74 12 9 13 15 14 77 15 92 16 42 17 94 18 48 19 74 20 41 
1 77 2 98 3 82 4 67 5 99 6 61 7 87 8 95 9 12 10 89 11 16 12 84 13 92 14 26 15 46 16 73 17 37 18 33 19 97 20 92 
1 5 2 13 3 24 4 6 5 90 6 95 7 91 8 42 9 23 10 97 11 60 12 28 13 39 14 25 15 51 16 27 17 93 18 32 19 97 20 40 
1 44 2 46 3 6 4 8 5 96 6 7 7 74 8 84 9 17 10 21 11 74 12 28 13 81 14 75 15 32 16 77 17 10 18 21 19 23 20 6 
1 10 2 22 3 29 4 42 5 51 6 47 7 83 8 53 9 97 10 74 11 67 12 66 13 18 14 26 15 36 16 26 17 99 18 67 19 9 20 67 
1 54 2 19 3 87 4 39 5 6 6 33 7 86 8 80 9 11 10 59 11 4 12 11 13 42 14 24 15 87 16 45 17 32 18 38 19 8 20 97 
1 61 2 80 3 18 4 12 5 98 6 28 7 7 8 18 9 32 10 7 11 6 12 13 13 70 14 95 15 25 16 10 17 34 18 53 19 34 20 46 
1 59 2 63 3 90 4 6 5 52 6 44 7 13 8 94 9 65 10 4 11 70 12 8 13 39 14 98 15 3 16 65 17 30 18 78 19 79 20 77 
1 34 2 49 3 53 4 51 5 73 6 95 7 66 8 42 9 41 10 87 11 62 12 7 13 37 14 14 15 46 16 3 17 63 18 3 19 4 20 95 
1 11 2 64 3 24 4 84 5 17 6 79 7 63 8 35 9 29 10 18 11 70 12 83 13 67 14 33 15 61 16 76 17 6 18 98 19 73 20 9 
1 50 2 17 3 30 4 51 5 93 6 51 7 87 8 22 9 7 10 79 11 62 12 52 13 76 14 17 15 45 16 13 17 25 18 59 19 49 20 51 
1 93 2 50 3 54 4 91 5 13 6 41 7 32 8 89 9 89 10 71 11 22 12 80 13 56 14 85 15 98 16 98 17 13 18 83 19 8 20 87 
1 41 2 27 3 74 4 39 5 56 6 40 7 68 8 76 9 94 10 44 11 30 12 28 13 11 14 89 15 43 16 44 17 37 18 49 19 26 20 53 
1 91 2 44 3 85 4 33 5 5 6 83 7 91 8 54 9 54 10 98 11 65 12 48 13 81 14 41 15 50 16 98 17 64 18 13 19 43 20 4 
1 17 2 3 3 73 4 26 5 97 6 54 7 83 8 40 9 3 10 52 11 93 12 99 13 51 14 58 15 89 16 36 17 65 18 91 19 2 20 72 
1 25 2 17 3 27 4 53 5 92 6 76 7 35 8 14 9 29 10 83 11 20 12 50 13 84 14 75 15 86 16 72 17 77 18 27 19 47 20 77 
1 24 2 26 3 71 4 36 5 5 6 92 7 9 8 4 9 58 10 7 11 48 12 86 13 2 14 78 15 41 16 99 17 30 18 75 19 29 20 71 
1 76 2 87 3 55 4 93 5 11 6 31 7 13 8 99 9 81 10 90 11 38 12 17 13 50 14 86 15 44 16 80 17 61 18 3 19 86 20 23 
1 80 2 83 3 61 4 97 5 75 6 27 7 23 8 50 9 27 10 87 11 88 12 36 13 9 14 19 15 63 16 43 17 9 18 45 19 93 20 93 
1 92 2 79 3 44 4 84 5 9 6 47 7 25 8 3 9 32 10 30 11 62 12 29 13 27 14 13 15 73 16 62 17 11 18 74 19 48 20 94 
1 70 2 22 3 13 4 43 5 78 6 55 7 84 8 11 9 11 10 42 11 20 12 14 13 8 14 1 15 45 16 57 17 33 18 78 19 89 20 17 
1 88 2 33 3 57 4 57 5 2 6 7 7 6 8 40 9 52 10 6 11 3 12 60 13 74 14 36 15 82 16 29 17 84 18 95 19 98 20 15 
1 68 2 62 3 84 4 12 5 78 6 6 7 85 8 12 9 3 10 49 11 63 12 59 13 75 14 35 15 58 16 77 17 6 18 95 19 75 20 6 
1 58 2 89 3 53 4 35 5 76 6 65 7 12 8 92 9 48 10 82 11 75 12 37 13 92 14 7 15 73 16 71 17 53 18 20 19 51 20 40 
1 53 2 20 3 90 4 81 5 35 6 52 7 96 8 65 9 18 10 2 11 42 12 87 13 98 14 22 15 52 16 53 17 62 18 34 19 98 20 90 
1 58 2 56 3 92 4 43 5 3 6 51 7 78 8 10 9 67 10 8 11 2 12 41 13 35 14 92 15 31 16 57 17 83 18 58 19 29 20 62 
1 19 2 90 3 15 4 87 5 42 6 63 7 23 8 60 9 40 10 81 11 56 12 66 13 60 14 40 15 50 16 7 17 26 18 36 19 61 20 47 
1 64 2 79 3 51 4 99 5 54 6 2 7 7 8 76 9 27 10 17 11 88 12 82 13 81 14 64 15 93 16 95 17 85 18 91 19 97 20 30 
1 57 2 65 3 28 4 19 5 44 6 28 7 88 8 71 9 92 10 94 11 66 12 58 13 44 14 97 15 8 16 37 17 87 18 48 19 49 20 29 
1 44 2 16 3 54 4 16 5 93 6 11 7 17 8 62 9 66 10 80 11 72 12 23 13 64 14 95 15 88 16 14 17 21 18 27 19 47 20 74 
1 5 2 51 3 13 4 73 5 26 6 40 7 60 8 60 9 54 10 76 11 7 12 1 13 12 14 83 15 70 16 40 17 20 18 62 19 71 20 94 
1 25 2 94 3 50 4 83 5 2 6 88 7 50 8 21 9 41 10 78 11 46 12 1 13 36 14 11 15 38 16 65 17 97 18 43 19 95 20 45 
1 13 2 67 3 83 4 67 5 97 6 47 7 22 8 32 9 34 10 42 11 40 12 91 13 9 14 87 15 50 16 47 17 63 18 56 19 26 20 5 
1 1 2 19 3 78 4 75 5 9 6 87 7 61 8 11 9 86 10 6 11 96 12 64 13 14 14 86 15 81 16 93 17 65 18 20 19 74 20 93 
1 84 2 32 3 54 4 24 5 43 6 42 7 29 8 1 9 12 10 7 11 64 12 91 13 76 14 55 15 79 16 24 17 81 18 32 19 76 20 92 
1 17 2 9 3 26 4 40 5 38 6 96 7 49 8 39 9 98 10 24 11 2 12 30 13 80 14 8 15 66 16 88 17 37 18 33 19 12 20 92 
1 51 2 75 3 37 4 68 5 17 6 37 7 9 8 73 9 31 10 94 11 2 12 29 13 49 14 49 15 46 16 24 17 34 18 16 19 12 20 10 
1 74 2 61 3 32 4 22 5 77 6 37 7 15 8 91 9 12 10 98 11 13 12 28 13 93 14 13 15 66 16 23 17 24 18 86 19 86 20 82 
1 30 2 69 3 90 4 29 5 56 6 75 7 58 8 45 9 46 10 22 11 24 12 28 13 45 14 11 15 67 16 46 17 35 18 88 19 55 20 8 
1 71 2 54 3 29 4 44 5 38 6 37 7 81 8 92 9 5 10 88 11 41 12 12 13 59 14 10 15 57 16 79 17 3 18 84 19 52 20 51 
1 90 2 73 3 26 4 72 5 68 6 8 7 60 8 26 9 66 10 97 11 54 12 31 13 16 14 42 15 85 16 70 17 83 18 11 19 36 20 5 
1 89 2 68 3 95 4 80 5 93 6 17 7 34 8 59 9 14 10 49 11 69 12 90 13 44 14 92 15 19 16 60 17 94 18 33 19 73 20 66 
1 58 2 64 3 82 4 42 5 7 6 33 7 42 8 14 9 66 10 5 11 10 12 90 13 92 14 29 15 5 16 60 17 8 18 10 19 88 20 27 
1 58 2 76 3 2 4 93 5 63 6 32 7 16 8 33 9 95 10 41 11 50 12 67 13 30 14 24 15 22 16 29 17 33 18 7 19 62 20 22 
1 35 2 78 3 66 4 68 5 4 6 44 7 37 8 58 9 11 10 32 11 48 12 70 13 34 14 49 15 86 16 57 17 76 18 98 19 50 20 98 
1 8 2 95 3 54 4 47 5 70 6 25 7 73 8 79 9 68 10 75 11 33 12 85 13 19 14 26 15 1 16 76 17 38 18 64 19 60 20 45 
1 76 2 30 3 14 4 29 5 21 6 21 7 98 8 39 9 71 10 80 11 7 12 47 13 20 14 39 15 82 16 53 17 59 18 22 19 86 20 55 
1 85 2 20 3 92 4 78 5 78 6 73 7 47 8 83 9 35 10 2 11 67 12 4 13 85 14 1 15 89 16 42 17 85 18 54 19 22 20 75 
1 39 2 65 3 50 4 70 5 45 6 55 7 54 8 10 9 75 10 98 11 31 12 56 13 29 14 19 15 33 16 22 17 37 18 28 19 32 20 14 
1 35 2 86 3 14 4 65 5 61 6 65 7 40 8 1 9 66 10 88 11 27 12 24 13 34 14 85 15 76 16 25 17 13 18 98 19 49 20 94 
1 28 2 20 3 44 4 20 5 89 6 90 7 42 8 68 9 93 10 31 11 53 12 42 13 48 14 86 15 36 16 24 17 5 18 64 19 14 20 13 
1 92 2 34 3 38 4 7 5 71 6 40 7 7 8 76 9 60 10 17 11 95 12 2 13 98 14 18 15 58 16 65 17 4 18 1 19 97 20 42 
1 99 2 17 3 19 4 21 5 58 6 56 7 22 8 48 9 75 10 65 11 9 12 47 13 96 14 78 15 46 16 38 17 36 18 87 19 60 20 84 
1 99 2 24 3 61 4 22 5 71 6 94 7 51 8 64 9 3 10 81 11 54 12 47 13 34 14 45 15 88 16 35 17 87 18 18 19 75 20 63 
1 50 2 80 3 85 4 74 5 3 6 35 7 57 8 10 9 31 10 68 11 20 12 56 13 92 14 54 15 13 16 7 17 39 18 86 19 4 20 66 
1 71 2 29 3 18 4 25 5 76 6 41 7 61 8 8 9 3 10 11 11 52 12 48 13 16 14 67 15 71 16 36 17 53 18 53 19 82 20 61 
1 67 2 11 3 1 4 94 5 58 6 86 7 47 8 79 9 7 10 34 11 87 12 87 13 68 14 90 15 3 16 94 17 93 18 47 19 28 20 30 
1 58 2 10 3 4 4 59 5 69 6 20 7 76 8 56 9 40 10 32 11 72 12 34 13 50 14 54 15 34 16 62 17 54 18 19 19 43 20 69 
1 69 2 51 3 63 4 79 5 83 6 26 7 54 8 94 9 83 10 76 11 19 12 35 13 92 14 31 15 52 16 29 17 31 18 76 19 90 20 47 
1 3 2 55 3 6 4 74 5 78 6 82 7 62 8 7 9 1 10 37 11 21 12 59 13 2 14 5 15 70 16 32 17 25 18 20 19 64 20 25 
1 66 2 55 3 85 4 55 5 70 6 65 7 30 8 98 9 30 10 72 11 34 12 24 13 49 14 23 15 12 16 40 17 97 18 41 19 78 20 44 
1 4 2 59 3 58 4 17 5 67 6 34 7 74 8 55 9 17 10 63 11 82 12 92 13 61 14 5 15 63 16 85 17 19 18 96 19 49 20 2 
1 96 2 31 3 57 4 19 5 15 6 46 7 7 8 36 9 79 10 39 11 78 12 56 13 36 14 4 15 83 16 99 17 10 18 67 19 31 20 32 
1 5 2 76 3 57 4 67 5 56 6 48 7 93 8 88 9 53 10 59 11 96 12 7 13 81 14 59 15 7 16 88 17 77 18 17 19 65 20 28 
1 39 2 60 3 79 4 92 5 15 6 78 7 62 8 9 9 62 10 57 11 65 12 80 13 84 14 61 15 31 16 91 17 14 18 93 19 45 20 83 
1 21 2 30 3 11 4 79 5 63 6 64 7 76 8 41 9 29 10 1 11 75 12 26 13 78 14 98 15 30 16 95 17 98 18 52 19 63 20 33 
1 36 2 63 3 45 4 77 5 90 6 99 7 56 8 70 9 85 10 36 11 51 12 33 13 8 14 50 15 17 16 97 17 28 18 31 19 82 20 67 
1 48 2 93 3 3 4 14 5 54 6 94 7 26 8 75 9 20 10 92 11 81 12 24 13 23 14 1 15 46 16 38 17 56 18 99 19 80 20 70 
1 7 2 46 3 23 4 3 5 74 6 87 7 95 8 85 9 54 10 62 11 43 12 22 13 69 14 59 15 10 16 90 17 67 18 45 19 67 20 79 
1 27 2 88 3 38 4 66 5 69 6 54 7 14 8 44 9 41 10 2 11 45 12 7 13 8 14 41 15 36 16 33 17 33 18 54 19 97 20 35 
1 58 2 35 3 88 4 76 5 77 6 86 7 19 8 68 9 52 10 23 11 96 12 95 13 24 14 62 15 89 16 50 17 82 18 22 19 88 20 16 
1 4 2 21 3 91 4 2 5 70 6 51 7 6 8 67 9 61 10 38 11 28 12 17 13 76 14 52 15 39 16 86 17 3 18 67 19 28 20 45 
1 4 2 59 3 34 4 87 5 36 6 80 7 36 8 27 9 38 10 87 11 59 12 3 13 52 14 84 15 38 16 40 17 86 18 85 19 57 20 10 
1 57 2 37 3 56 4 22 5 61 6 3 7 94 8 91 9 48 10 20 11 3 12 94 13 14 14 87 15 83 16 70 17 36 18 85 19 54 20 69 
1 69 2 63 3 90 4 77 5 48 6 17 7 70 8 16 9 61 10 34 11 41 12 87 13 6 14 27 15 83 16 99 17 2 18 99 19 51 20 27 
1 28 2 42 3 1 4 49 5 17 6 8 7 78 8 73 9 51 10 99 11 67 12 12 13 51 14 75 15 48 16 39 17 22 18 82 19 60 20 80 
1 25 2 28 3 45 4 16 5 15 6 40 7 5 8 79 9 70 10 77 11 66 12 5 13 48 14 30 15 68 16 17 17 53 18 20 19 90 20 65 
1 22 2 52 3 39 4 58 5 42 6 34 7 55 8 82 9 25 10 87 11 14 12 81 13 82 14 16 15 79 16 61 17 19 18 13 19 41 20 44 
Reldue
-1 5658 -1 5
-1 4027 -1 1
-1 4122 -1 10
-1 4163 -1 9
-1 5984 -1 2
-1 5472 -1 5
-1 5377 -1 4
-1 5352 -1 10
-1 5603 -1 10
-1 3697 -1 10
-1 3030 -1 6
-1 5657 -1 6
-1 4762 -1 1
-1 3596 -1 6
-1 3300 -1 4
-1 5934 -1 3
-1 4485 -1 2
-1 6058 -1 8
-1 4243 -1 6
-1 4377 -1 3
-1 5804 -1 8
-1 3485 -1 6
-1 6118 -1 7
-1 5029 -1 9
-1 5269 -1 9
-1 3316 -1 5
-1 5242 -1 2
-1 4577 -1 10
-1 3939 -1 10
-1 4433 -1 2
-1 3409 -1 8
-1 3538 -1 8
-1 4586 -1 10
-1 5605 -1 8
-1 2960 -1 3
-1 4895 -1 2
-1 2975 -1 1
-1 6055 -1 10
-1 5954 -1 3
-1 4336 -1 6
-1 4771 -1 7
-1 3619 -1 10
-1 6040 -1 4
-1 3255 -1 4
-1 4297 -1 4
-1 5777 -1 4
-1 4151 -1 6
-1 5016 -1 2
-1 3113 -1 6
-1 4358 -1 6
-1 3830 -1 1
-1 3695 -1 10
-1 3564 -1 2
-1 5664 -1 9
-1 6168 -1 7
-1 3390 -1 3
-1 4832 -1 4
-1 4900 -1 9
-1 5623 -1 6
-1 3529 -1 6
-1 3185 -1 5
-1 3236 -1 5
-1 3991 -1 8
-1 4330 -1 7
-1 3823 -1 2
-1 5658 -1 1
-1 3798 -1 3
-1 5315 -1 5
-1 2943 -1 7
-1 6139 -1 3
-1 5166 -1 1
-1 5425 -1 4
-1 5280 -1 6
-1 4288 -1 5
-1 3473 -1 10
-1 3018 -1 8
-1 3592 -1 2
-1 3705 -1 5
-1 5603 -1 2
-1 3110 -1 7
-1 3232 -1 7
-1 3661 -1 8
-1 3938 -1 1
-1 5745 -1 6
-1 6147 -1 9
-1 5438 -1 6
-1 6163 -1 6
-1 3071 -1 3
-1 3772 -1 5
-1 5625 -1 6
-1 5098 -1 6
-1 3050 -1 4
-1 2890 -1 7
-1 3254 -1 4
-1 5430 -1 7
-1 2953 -1 1
-1 3732 -1 6
-1 5086 -1 3
-1 2865 -1 9
-1 3366 -1 5
LB 5615
