100 20
1 73 2 13 3 6 4 1 5 29 6 28 7 72 8 76 9 86 10 48 11 94 12 18 13 32 14 24 15 33 16 63 17 11 18 16 19 69 20 40 
1 38 2 20 3 45 4 78 5 61 6 30 7 80 8 16 9 57 10 50 11 2 12 32 13 97 14 86 15 27 16 35 17 76 18 51 19 66 20 54 
1 71 2 42 3 35 4 41 5 23 6 64 7 80 8 57 9 29 10 5 11 8 12 67 13 43 14 97 15 8 16 25 17 61 18 46 19 84 20 50 
1 54 2 30 3 77 4 89 5 77 6 34 7 3 8 89 9 43 10 82 11 52 12 63 13 24 14 94 15 99 16 88 17 19 18 91 19 91 20 17 
1 78 2 91 3 33 4 71 5 5 6 29 7 85 8 36 9 29 10 70 11 55 12 65 13 74 14 85 15 57 16 47 17 39 18 36 19 15 20 83 
1 93 2 91 3 53 4 83 5 42 6 36 7 68 8 20 9 80 10 81 11 33 12 55 13 34 14 35 15 34 16 29 17 88 18 61 19 9 20 11 
1 76 2 44 3 78 4 62 5 99 6 80 7 86 8 77 9 64 10 68 11 45 12 61 13 28 14 42 15 85 16 85 17 63 18 92 19 1 20 69 
1 14 2 6 3 60 4 4 5 53 6 49 7 12 8 66 9 75 10 69 11 38 12 28 13 85 14 28 15 73 16 20 17 96 18 58 19 32 20 18 
1 18 2 71 3 72 4 49 5 26 6 32 7 40 8 89 9 36 10 43 11 69 12 26 13 58 14 11 15 48 16 35 17 44 18 35 19 69 20 67 
1 81 2 78 3 18 4 24 5 61 6 54 7 41 8 11 9 55 10 71 11 56 12 96 13 90 14 5 15 86 16 97 17 47 18 12 19 10 20 27 
1 63 2 69 3 97 4 60 5 71 6 3 7 13 8 69 9 66 10 9 11 7 12 6 13 91 14 83 15 34 16 44 17 90 18 54 19 94 20 46 
1 6 2 35 3 23 4 33 5 1 6 79 7 68 8 78 9 89 10 94 11 52 12 91 13 40 14 1 15 23 16 17 17 60 18 38 19 37 20 49 
1 85 2 27 3 63 4 27 5 56 6 9 7 88 8 94 9 18 10 57 11 85 12 68 13 93 14 95 15 36 16 50 17 20 18 12 19 33 20 76 
1 76 2 88 3 73 4 59 5 40 6 71 7 20 8 94 9 52 10 76 11 25 12 82 13 50 14 72 15 43 16 21 17 34 18 67 19 82 20 15 
1 7 2 56 3 28 4 37 5 51 6 95 7 18 8 28 9 35 10 42 11 51 12 60 13 31 14 88 15 72 16 31 17 10 18 8 19 8 20 78 
1 32 2 18 3 14 4 26 5 46 6 85 7 86 8 43 9 46 10 88 11 5 12 51 13 57 14 95 15 50 16 27 17 76 18 37 19 4 20 16 
1 99 2 93 3 28 4 82 5 5 6 40 7 92 8 66 9 32 10 62 11 11 12 4 13 89 14 23 15 32 16 96 17 24 18 56 19 80 20 8 
1 30 2 86 3 53 4 88 5 1 6 24 7 70 8 49 9 23 10 90 11 85 12 38 13 54 14 97 15 13 16 78 17 2 18 51 19 38 20 54 
1 39 2 81 3 10 4 50 5 87 6 39 7 93 8 11 9 16 10 37 11 43 12 27 13 86 14 87 15 80 16 37 17 61 18 59 19 58 20 48 
1 2 2 12 3 47 4 39 5 60 6 60 7 99 8 79 9 55 10 36 11 16 12 70 13 38 14 7 15 73 16 80 17 16 18 50 19 32 20 98 
1 75 2 15 3 81 4 19 5 90 6 59 7 66 8 42 9 31 10 62 11 88 12 73 13 39 14 70 15 10 16 25 17 12 18 47 19 1 20 4 
1 85 2 49 3 31 4 93 5 35 6 82 7 7 8 19 9 94 10 47 11 95 12 20 13 23 14 98 15 40 16 46 17 74 18 47 19 96 20 58 
1 62 2 37 3 4 4 98 5 57 6 5 7 55 8 35 9 88 10 36 11 77 12 43 13 3 14 11 15 38 16 40 17 73 18 17 19 92 20 32 
1 65 2 57 3 43 4 43 5 36 6 94 7 3 8 48 9 95 10 30 11 80 12 32 13 94 14 41 15 2 16 23 17 21 18 25 19 13 20 65 
1 75 2 78 3 89 4 36 5 51 6 96 7 58 8 90 9 76 10 15 11 87 12 47 13 72 14 47 15 13 16 37 17 28 18 29 19 62 20 22 
1 44 2 34 3 46 4 66 5 99 6 75 7 30 8 76 9 72 10 97 11 12 12 54 13 2 14 85 15 74 16 93 17 19 18 97 19 19 20 32 
1 80 2 70 3 77 4 6 5 10 6 63 7 33 8 23 9 3 10 74 11 14 12 6 13 31 14 93 15 56 16 92 17 11 18 74 19 58 20 71 
1 73 2 27 3 94 4 49 5 69 6 3 7 29 8 35 9 11 10 67 11 72 12 81 13 44 14 70 15 69 16 55 17 75 18 87 19 13 20 46 
1 26 2 77 3 65 4 68 5 24 6 1 7 41 8 16 9 54 10 31 11 24 12 73 13 90 14 65 15 9 16 10 17 26 18 68 19 94 20 11 
1 69 2 46 3 22 4 40 5 90 6 22 7 11 8 32 9 91 10 5 11 36 12 90 13 98 14 48 15 96 16 30 17 63 18 33 19 40 20 46 
1 56 2 93 3 6 4 31 5 76 6 26 7 27 8 90 9 10 10 44 11 60 12 75 13 23 14 90 15 81 16 90 17 16 18 81 19 44 20 15 
1 67 2 8 3 18 4 39 5 87 6 92 7 14 8 20 9 23 10 90 11 38 12 8 13 23 14 83 15 84 16 34 17 7 18 16 19 58 20 87 
1 92 2 81 3 17 4 62 5 29 6 49 7 34 8 52 9 60 10 46 11 16 12 85 13 62 14 24 15 99 16 37 17 29 18 69 19 13 20 59 
1 43 2 60 3 60 4 35 5 97 6 35 7 99 8 71 9 62 10 73 11 20 12 75 13 82 14 23 15 66 16 17 17 67 18 51 19 87 20 91 
1 1 2 18 3 23 4 23 5 35 6 43 7 81 8 64 9 40 10 70 11 63 12 1 13 3 14 46 15 36 16 76 17 40 18 80 19 84 20 33 
1 28 2 56 3 24 4 8 5 94 6 99 7 81 8 98 9 26 10 72 11 56 12 82 13 36 14 55 15 12 16 53 17 97 18 54 19 62 20 17 
1 89 2 74 3 60 4 57 5 8 6 9 7 18 8 27 9 27 10 13 11 93 12 50 13 73 14 43 15 25 16 73 17 89 18 81 19 72 20 43 
1 8 2 92 3 90 4 97 5 42 6 19 7 40 8 68 9 36 10 26 11 16 12 40 13 92 14 54 15 40 16 97 17 66 18 23 19 89 20 38 
1 6 2 97 3 85 4 27 5 54 6 55 7 97 8 10 9 25 10 45 11 53 12 4 13 14 14 25 15 46 16 19 17 58 18 92 19 81 20 84 
1 95 2 22 3 7 4 23 5 80 6 75 7 72 8 19 9 34 10 72 11 36 12 41 13 93 14 12 15 20 16 25 17 76 18 74 19 71 20 57 
1 20 2 60 3 57 4 30 5 40 6 78 7 21 8 8 9 4 10 74 11 49 12 87 13 64 14 30 15 61 16 35 17 89 18 32 19 75 20 51 
1 45 2 76 3 37 4 12 5 73 6 45 7 20 8 73 9 24 10 16 11 14 12 70 13 82 14 27 15 81 16 22 17 83 18 25 19 45 20 60 
1 99 2 89 3 48 4 12 5 40 6 21 7 24 8 64 9 45 10 41 11 75 12 58 13 28 14 19 15 7 16 21 17 85 18 19 19 17 20 2 
1 7 2 14 3 60 4 61 5 77 6 74 7 37 8 65 9 54 10 6 11 49 12 97 13 91 14 4 15 90 16 39 17 89 18 60 19 12 20 62 
1 74 2 12 3 98 4 5 5 48 6 24 7 39 8 54 9 49 10 8 11 33 12 77 13 74 14 18 15 73 16 25 17 6 18 67 19 57 20 44 
1 39 2 65 3 14 4 67 5 97 6 35 7 36 8 11 9 74 10 64 11 64 12 49 13 14 14 87 15 77 16 14 17 61 18 5 19 66 20 39 
1 4 2 89 3 77 4 71 5 90 6 88 7 72 8 76 9 46 10 23 11 29 12 88 13 80 14 5 15 60 16 89 17 7 18 57 19 66 20 6 
1 56 2 77 3 21 4 29 5 59 6 14 7 10 8 79 9 69 10 31 11 35 12 82 13 80 14 99 15 14 16 39 17 22 18 2 19 42 20 84 
1 31 2 70 3 53 4 52 5 98 6 23 7 59 8 21 9 15 10 48 11 53 12 15 13 55 14 58 15 25 16 45 17 89 18 99 19 45 20 96 
1 32 2 46 3 36 4 57 5 31 6 96 7 83 8 95 9 37 10 17 11 22 12 64 13 80 14 61 15 60 16 9 17 27 18 72 19 36 20 8 
1 4 2 68 3 72 4 89 5 76 6 23 7 50 8 50 9 51 10 63 11 25 12 78 13 35 14 86 15 5 16 47 17 86 18 18 19 45 20 28 
1 87 2 84 3 20 4 94 5 98 6 27 7 54 8 11 9 7 10 56 11 35 12 54 13 75 14 98 15 64 16 2 17 72 18 97 19 39 20 92 
1 77 2 29 3 90 4 55 5 88 6 17 7 35 8 88 9 40 10 47 11 7 12 2 13 42 14 20 15 67 16 96 17 76 18 38 19 46 20 83 
1 2 2 30 3 17 4 20 5 13 6 38 7 57 8 15 9 72 10 87 11 70 12 16 13 45 14 78 15 42 16 64 17 29 18 71 19 62 20 56 
1 18 2 75 3 3 4 15 5 22 6 84 7 33 8 67 9 92 10 33 11 37 12 71 13 61 14 26 15 49 16 9 17 83 18 80 19 34 20 69 
1 22 2 3 3 78 4 92 5 83 6 58 7 79 8 51 9 43 10 58 11 61 12 85 13 60 14 73 15 78 16 31 17 76 18 42 19 67 20 13 
1 76 2 64 3 80 4 93 5 98 6 64 7 87 8 30 9 23 10 75 11 51 12 14 13 5 14 89 15 56 16 27 17 51 18 56 19 16 20 32 
1 2 2 11 3 6 4 9 5 22 6 93 7 60 8 47 9 12 10 20 11 43 12 73 13 24 14 59 15 97 16 68 17 35 18 74 19 73 20 88 
1 68 2 66 3 92 4 61 5 81 6 34 7 59 8 80 9 32 10 41 11 45 12 61 13 46 14 50 15 62 16 58 17 36 18 68 19 43 20 45 
1 10 2 62 3 56 4 6 5 53 6 48 7 92 8 52 9 90 10 27 11 73 12 51 13 84 14 84 15 19 16 53 17 80 18 65 19 69 20 97 
1 61 2 4 3 83 4 53 5 9 6 73 7 71 8 63 9 93 10 53 11 4 12 19 13 84 14 33 15 85 16 18 17 71 18 68 19 44 20 32 
1 91 2 58 3 79 4 96 5 51 6 51 7 32 8 89 9 36 10 37 11 59 12 16 13 75 14 41 15 81 16 24 17 33 18 2 19 34 20 68 
1 75 2 19 3 85 4 79 5 89 6 20 7 29 8 18 9 51 10 22 11 92 12 43 13 8 14 42 15 10 16 88 17 13 18 66 19 55 20 5 
1 97 2 60 3 40 4 51 5 37 6 13 7 89 8 26 9 49 10 97 11 79 12 86 13 64 14 52 15 33 16 97 17 97 18 47 19 65 20 47 
1 3 2 52 3 70 4 24 5 49 6 28 7 33 8 76 9 74 10 34 11 46 12 77 13 71 14 66 15 99 16 6 17 16 18 63 19 59 20 79 
1 86 2 30 3 37 4 36 5 39 6 88 7 27 8 53 9 70 10 23 11 44 12 71 13 24 14 57 15 66 16 67 17 10 18 4 19 37 20 1 
1 44 2 56 3 14 4 50 5 14 6 37 7 51 8 13 9 8 10 13 11 33 12 41 13 84 14 16 15 80 16 21 17 47 18 81 19 86 20 68 
1 3 2 10 3 51 4 66 5 87 6 95 7 56 8 55 9 85 10 75 11 99 12 45 13 21 14 75 15 19 16 22 17 31 18 22 19 14 20 34 
1 41 2 19 3 79 4 28 5 24 6 33 7 89 8 92 9 61 10 12 11 90 12 59 13 60 14 37 15 36 16 56 17 49 18 85 19 26 20 42 
1 35 2 10 3 55 4 43 5 1 6 59 7 30 8 51 9 57 10 5 11 65 12 94 13 99 14 77 15 76 16 99 17 33 18 51 19 24 20 62 
1 66 2 47 3 98 4 83 5 26 6 64 7 38 8 31 9 50 10 91 11 73 12 52 13 64 14 90 15 41 16 3 17 78 18 72 19 58 20 34 
1 3 2 51 3 15 4 2 5 64 6 24 7 81 8 15 9 92 10 56 11 80 12 64 13 68 14 33 15 42 16 35 17 75 18 54 19 56 20 10 
1 84 2 30 3 20 4 98 5 81 6 55 7 53 8 73 9 61 10 77 11 83 12 24 13 57 14 57 15 71 16 2 17 46 18 17 19 33 20 71 
1 26 2 29 3 75 4 6 5 87 6 47 7 65 8 29 9 17 10 10 11 32 12 81 13 45 14 99 15 71 16 7 17 91 18 54 19 32 20 74 
1 59 2 67 3 72 4 51 5 76 6 85 7 37 8 26 9 54 10 18 11 30 12 58 13 49 14 78 15 28 16 67 17 33 18 59 19 5 20 27 
1 52 2 71 3 93 4 70 5 78 6 25 7 47 8 26 9 90 10 58 11 4 12 30 13 33 14 96 15 86 16 24 17 81 18 13 19 78 20 44 
1 27 2 87 3 66 4 42 5 63 6 91 7 87 8 3 9 4 10 77 11 88 12 83 13 74 14 95 15 15 16 57 17 95 18 11 19 57 20 74 
1 32 2 64 3 8 4 27 5 47 6 12 7 24 8 33 9 79 10 15 11 50 12 93 13 38 14 19 15 18 16 48 17 82 18 48 19 16 20 64 
1 35 2 82 3 31 4 96 5 64 6 51 7 37 8 44 9 21 10 7 11 69 12 36 13 47 14 51 15 56 16 47 17 93 18 74 19 80 20 75 
1 56 2 38 3 26 4 21 5 96 6 23 7 49 8 19 9 41 10 5 11 86 12 47 13 72 14 83 15 24 16 16 17 83 18 80 19 77 20 7 
1 50 2 36 3 7 4 25 5 15 6 9 7 89 8 64 9 41 10 92 11 28 12 99 13 66 14 98 15 23 16 93 17 43 18 49 19 38 20 46 
1 72 2 89 3 44 4 71 5 93 6 69 7 89 8 67 9 5 10 67 11 5 12 92 13 85 14 88 15 12 16 83 17 52 18 75 19 4 20 4 
1 63 2 44 3 8 4 97 5 56 6 39 7 24 8 99 9 21 10 21 11 45 12 68 13 25 14 29 15 31 16 99 17 65 18 19 19 45 20 60 
1 27 2 37 3 98 4 35 5 67 6 29 7 45 8 35 9 12 10 19 11 61 12 59 13 55 14 13 15 22 16 76 17 28 18 15 19 22 20 19 
1 80 2 67 3 33 4 29 5 60 6 61 7 23 8 96 9 40 10 4 11 61 12 36 13 46 14 18 15 64 16 26 17 40 18 79 19 77 20 8 
1 5 2 44 3 42 4 15 5 71 6 26 7 49 8 47 9 19 10 61 11 5 12 50 13 85 14 22 15 36 16 87 17 65 18 46 19 25 20 66 
1 25 2 85 3 96 4 82 5 63 6 10 7 61 8 94 9 51 10 58 11 79 12 23 13 51 14 39 15 24 16 9 17 99 18 62 19 23 20 45 
1 99 2 30 3 84 4 94 5 36 6 89 7 57 8 10 9 76 10 97 11 87 12 26 13 32 14 81 15 3 16 25 17 91 18 66 19 15 20 31 
1 50 2 63 3 33 4 22 5 22 6 51 7 16 8 1 9 18 10 53 11 96 12 13 13 82 14 27 15 2 16 12 17 5 18 61 19 70 20 69 
1 89 2 63 3 66 4 8 5 94 6 38 7 57 8 26 9 63 10 6 11 98 12 42 13 39 14 17 15 83 16 57 17 52 18 50 19 80 20 97 
1 19 2 28 3 63 4 97 5 32 6 75 7 71 8 91 9 35 10 42 11 32 12 18 13 92 14 14 15 48 16 83 17 87 18 59 19 1 20 51 
1 33 2 62 3 25 4 49 5 6 6 26 7 36 8 95 9 48 10 65 11 50 12 89 13 63 14 10 15 66 16 28 17 3 18 39 19 99 20 19 
1 56 2 88 3 52 4 46 5 32 6 64 7 36 8 21 9 23 10 4 11 12 12 69 13 57 14 74 15 74 16 4 17 65 18 59 19 61 20 6 
1 70 2 91 3 59 4 60 5 71 6 78 7 8 8 20 9 38 10 25 11 30 12 22 13 72 14 17 15 43 16 94 17 53 18 74 19 24 20 33 
1 14 2 81 3 97 4 55 5 64 6 18 7 2 8 38 9 92 10 55 11 11 12 8 13 24 14 3 15 35 16 27 17 4 18 19 19 94 20 73 
1 13 2 47 3 33 4 42 5 92 6 15 7 75 8 88 9 39 10 88 11 18 12 46 13 71 14 72 15 80 16 33 17 29 18 38 19 70 20 9 
1 9 2 14 3 78 4 34 5 74 6 61 7 57 8 77 9 70 10 80 11 99 12 96 13 97 14 14 15 52 16 59 17 73 18 97 19 35 20 66 
1 99 2 34 3 73 4 64 5 74 6 43 7 22 8 39 9 97 10 65 11 67 12 75 13 44 14 63 15 17 16 17 17 49 18 81 19 77 20 46 
1 94 2 62 3 19 4 2 5 26 6 88 7 50 8 29 9 49 10 68 11 28 12 40 13 37 14 38 15 73 16 25 17 57 18 62 19 23 20 95 
1 73 2 32 3 13 4 29 5 36 6 4 7 65 8 12 9 72 10 52 11 39 12 20 13 28 14 87 15 29 16 72 17 79 18 31 19 13 20 76 
Reldue
-1 4000 -1 8
-1 3609 -1 1
-1 3855 -1 2
-1 4055 -1 6
-1 5632 -1 1
-1 3892 -1 6
-1 3859 -1 4
-1 3453 -1 1
-1 4282 -1 8
-1 5885 -1 8
-1 5624 -1 7
-1 5934 -1 1
-1 4113 -1 2
-1 4139 -1 3
-1 5618 -1 4
-1 3881 -1 1
-1 5567 -1 1
-1 3747 -1 3
-1 3979 -1 6
-1 3386 -1 5
-1 5873 -1 2
-1 5250 -1 2
-1 2957 -1 4
-1 4040 -1 2
-1 3260 -1 6
-1 4277 -1 8
-1 3553 -1 5
-1 5284 -1 2
-1 3732 -1 9
-1 3164 -1 9
-1 4824 -1 6
-1 4532 -1 7
-1 3324 -1 3
-1 4461 -1 1
-1 5183 -1 9
-1 5510 -1 10
-1 3806 -1 9
-1 5777 -1 6
-1 4261 -1 4
-1 5360 -1 8
-1 4095 -1 3
-1 3213 -1 9
-1 3900 -1 2
-1 4328 -1 1
-1 5554 -1 8
-1 4404 -1 4
-1 5974 -1 10
-1 4189 -1 8
-1 5037 -1 2
-1 2885 -1 3
-1 6128 -1 5
-1 4016 -1 2
-1 4072 -1 9
-1 3927 -1 10
-1 3348 -1 10
-1 5191 -1 2
-1 4041 -1 6
-1 4599 -1 2
-1 5623 -1 2
-1 4049 -1 1
-1 4347 -1 9
-1 3376 -1 4
-1 5554 -1 7
-1 5837 -1 10
-1 4492 -1 1
-1 4449 -1 7
-1 4062 -1 7
-1 4281 -1 1
-1 4912 -1 7
-1 5310 -1 1
-1 4172 -1 1
-1 3708 -1 3
-1 4233 -1 5
-1 5028 -1 4
-1 5622 -1 3
-1 5956 -1 1
-1 4515 -1 6
-1 4928 -1 3
-1 5947 -1 7
-1 3926 -1 4
-1 4402 -1 4
-1 2869 -1 5
-1 3444 -1 3
-1 5107 -1 6
-1 4004 -1 2
-1 3903 -1 6
-1 3358 -1 7
-1 5643 -1 8
-1 4125 -1 2
-1 3186 -1 2
-1 4154 -1 10
-1 5521 -1 10
-1 4567 -1 8
-1 3253 -1 9
-1 4898 -1 3
-1 5734 -1 1
-1 4486 -1 5
-1 5092 -1 2
-1 5710 -1 7
-1 3900 -1 3
LB 5604
