100 20
1 47 2 56 3 70 4 2 5 88 6 73 7 51 8 10 9 59 10 95 11 56 12 56 13 58 14 37 15 51 16 45 17 39 18 53 19 4 20 1 
1 56 2 22 3 22 4 74 5 39 6 57 7 67 8 47 9 31 10 9 11 50 12 67 13 59 14 88 15 33 16 41 17 43 18 46 19 34 20 33 
1 29 2 4 3 80 4 99 5 96 6 58 7 51 8 18 9 82 10 90 11 74 12 60 13 49 14 77 15 24 16 95 17 23 18 68 19 63 20 63 
1 76 2 24 3 57 4 71 5 72 6 74 7 83 8 56 9 54 10 86 11 95 12 80 13 37 14 92 15 60 16 52 17 9 18 38 19 73 20 60 
1 55 2 97 3 31 4 5 5 55 6 76 7 9 8 32 9 41 10 18 11 79 12 10 13 54 14 69 15 63 16 60 17 4 18 5 19 40 20 55 
1 71 2 41 3 97 4 68 5 54 6 23 7 18 8 28 9 98 10 61 11 44 12 87 13 16 14 14 15 1 16 11 17 8 18 64 19 80 20 60 
1 53 2 53 3 65 4 88 5 98 6 47 7 43 8 50 9 32 10 36 11 31 12 66 13 4 14 87 15 75 16 21 17 81 18 8 19 52 20 11 
1 42 2 87 3 16 4 42 5 4 6 75 7 99 8 24 9 8 10 53 11 29 12 76 13 65 14 38 15 33 16 26 17 38 18 6 19 74 20 75 
1 25 2 30 3 94 4 37 5 62 6 3 7 20 8 81 9 23 10 29 11 77 12 17 13 52 14 77 15 77 16 28 17 41 18 39 19 80 20 91 
1 52 2 63 3 8 4 28 5 90 6 78 7 50 8 5 9 4 10 13 11 97 12 27 13 71 14 82 15 58 16 36 17 82 18 51 19 16 20 80 
1 36 2 35 3 29 4 77 5 91 6 54 7 3 8 24 9 80 10 22 11 38 12 91 13 74 14 90 15 9 16 63 17 45 18 30 19 54 20 21 
1 55 2 67 3 83 4 66 5 20 6 56 7 96 8 21 9 49 10 24 11 20 12 41 13 79 14 78 15 50 16 38 17 5 18 20 19 58 20 16 
1 38 2 31 3 55 4 55 5 30 6 81 7 38 8 30 9 3 10 29 11 97 12 96 13 70 14 6 15 72 16 9 17 43 18 96 19 42 20 58 
1 17 2 20 3 8 4 49 5 21 6 40 7 72 8 76 9 18 10 68 11 49 12 40 13 77 14 60 15 31 16 66 17 32 18 70 19 29 20 92 
1 90 2 68 3 80 4 29 5 17 6 10 7 88 8 87 9 40 10 80 11 28 12 58 13 55 14 59 15 91 16 72 17 3 18 8 19 76 20 42 
1 47 2 50 3 3 4 95 5 74 6 23 7 89 8 24 9 70 10 41 11 34 12 94 13 99 14 4 15 17 16 86 17 39 18 46 19 1 20 90 
1 70 2 22 3 20 4 22 5 29 6 11 7 32 8 42 9 13 10 66 11 61 12 98 13 10 14 11 15 64 16 59 17 29 18 42 19 2 20 97 
1 44 2 55 3 28 4 49 5 19 6 57 7 80 8 13 9 74 10 17 11 83 12 43 13 66 14 38 15 77 16 78 17 84 18 70 19 24 20 45 
1 43 2 44 3 23 4 57 5 46 6 68 7 71 8 11 9 11 10 37 11 35 12 9 13 59 14 72 15 39 16 77 17 3 18 63 19 73 20 35 
1 50 2 49 3 85 4 92 5 97 6 94 7 40 8 26 9 96 10 17 11 51 12 29 13 84 14 78 15 17 16 1 17 92 18 98 19 14 20 92 
1 88 2 89 3 83 4 77 5 25 6 84 7 23 8 94 9 37 10 42 11 92 12 25 13 79 14 17 15 78 16 75 17 21 18 34 19 86 20 44 
1 22 2 36 3 80 4 77 5 62 6 58 7 68 8 2 9 38 10 98 11 24 12 85 13 95 14 93 15 24 16 57 17 14 18 2 19 89 20 61 
1 23 2 47 3 30 4 17 5 1 6 86 7 29 8 74 9 74 10 5 11 22 12 91 13 42 14 41 15 84 16 88 17 33 18 1 19 40 20 88 
1 15 2 81 3 29 4 46 5 61 6 43 7 27 8 15 9 65 10 61 11 33 12 64 13 92 14 86 15 88 16 7 17 39 18 10 19 38 20 35 
1 46 2 79 3 79 4 61 5 25 6 69 7 6 8 22 9 20 10 83 11 78 12 63 13 47 14 99 15 10 16 56 17 45 18 78 19 65 20 48 
1 96 2 46 3 2 4 58 5 77 6 84 7 83 8 34 9 41 10 64 11 5 12 5 13 7 14 19 15 80 16 41 17 89 18 62 19 15 20 2 
1 31 2 87 3 3 4 53 5 17 6 15 7 8 8 24 9 58 10 16 11 33 12 61 13 88 14 13 15 26 16 18 17 74 18 76 19 60 20 1 
1 20 2 52 3 17 4 14 5 93 6 3 7 78 8 15 9 13 10 2 11 16 12 74 13 73 14 88 15 50 16 25 17 61 18 99 19 24 20 94 
1 64 2 14 3 6 4 40 5 22 6 7 7 75 8 49 9 8 10 4 11 53 12 97 13 47 14 75 15 75 16 17 17 50 18 33 19 60 20 47 
1 5 2 4 3 4 4 89 5 69 6 48 7 48 8 51 9 73 10 21 11 70 12 69 13 11 14 18 15 95 16 70 17 93 18 6 19 50 20 55 
1 42 2 76 3 42 4 23 5 20 6 72 7 94 8 56 9 87 10 14 11 26 12 39 13 43 14 62 15 42 16 95 17 19 18 47 19 15 20 98 
1 12 2 4 3 72 4 79 5 13 6 8 7 82 8 87 9 81 10 80 11 65 12 11 13 32 14 46 15 40 16 85 17 96 18 49 19 30 20 44 
1 72 2 1 3 9 4 85 5 81 6 46 7 96 8 58 9 39 10 91 11 55 12 25 13 53 14 68 15 45 16 83 17 58 18 15 19 9 20 50 
1 7 2 92 3 8 4 61 5 4 6 8 7 25 8 76 9 91 10 65 11 81 12 60 13 33 14 4 15 16 16 40 17 81 18 32 19 40 20 65 
1 32 2 86 3 63 4 17 5 22 6 71 7 6 8 80 9 83 10 66 11 1 12 55 13 31 14 53 15 36 16 81 17 96 18 55 19 47 20 56 
1 58 2 3 3 89 4 87 5 92 6 42 7 83 8 94 9 70 10 95 11 57 12 57 13 9 14 12 15 86 16 40 17 23 18 69 19 98 20 72 
1 69 2 38 3 10 4 72 5 36 6 95 7 29 8 84 9 40 10 71 11 9 12 51 13 33 14 62 15 15 16 45 17 86 18 11 19 27 20 54 
1 2 2 89 3 72 4 54 5 32 6 33 7 84 8 81 9 74 10 94 11 93 12 39 13 87 14 46 15 91 16 16 17 71 18 83 19 73 20 93 
1 8 2 41 3 10 4 32 5 17 6 4 7 9 8 27 9 72 10 83 11 88 12 44 13 38 14 56 15 67 16 2 17 49 18 43 19 22 20 16 
1 31 2 33 3 76 4 46 5 15 6 72 7 29 8 90 9 22 10 97 11 48 12 19 13 87 14 76 15 34 16 9 17 53 18 82 19 18 20 67 
1 53 2 63 3 52 4 8 5 82 6 35 7 5 8 69 9 12 10 62 11 53 12 6 13 98 14 77 15 66 16 48 17 9 18 14 19 79 20 95 
1 14 2 34 3 79 4 74 5 63 6 85 7 40 8 50 9 85 10 29 11 74 12 35 13 7 14 8 15 69 16 37 17 9 18 41 19 11 20 93 
1 61 2 7 3 76 4 79 5 86 6 30 7 30 8 1 9 70 10 54 11 12 12 15 13 14 14 55 15 88 16 19 17 35 18 15 19 84 20 82 
1 85 2 59 3 75 4 72 5 24 6 35 7 6 8 26 9 53 10 31 11 78 12 11 13 87 14 17 15 80 16 2 17 51 18 14 19 39 20 87 
1 86 2 23 3 98 4 80 5 22 6 85 7 84 8 10 9 78 10 47 11 33 12 91 13 62 14 70 15 7 16 66 17 74 18 57 19 49 20 94 
1 42 2 19 3 29 4 99 5 32 6 28 7 70 8 16 9 50 10 49 11 43 12 37 13 67 14 72 15 12 16 15 17 68 18 28 19 43 20 32 
1 19 2 43 3 75 4 68 5 56 6 74 7 14 8 75 9 62 10 40 11 4 12 1 13 50 14 95 15 8 16 81 17 11 18 53 19 99 20 76 
1 97 2 36 3 20 4 71 5 2 6 23 7 69 8 52 9 14 10 28 11 43 12 30 13 88 14 75 15 22 16 35 17 84 18 67 19 31 20 78 
1 22 2 67 3 19 4 4 5 7 6 54 7 90 8 97 9 70 10 76 11 8 12 82 13 26 14 76 15 68 16 12 17 92 18 55 19 74 20 17 
1 3 2 52 3 49 4 83 5 26 6 18 7 21 8 56 9 96 10 23 11 88 12 57 13 34 14 62 15 74 16 19 17 66 18 29 19 47 20 85 
1 10 2 52 3 20 4 19 5 89 6 66 7 58 8 19 9 41 10 85 11 99 12 85 13 55 14 49 15 74 16 75 17 41 18 17 19 30 20 41 
1 51 2 57 3 60 4 76 5 20 6 29 7 51 8 88 9 50 10 8 11 94 12 27 13 19 14 97 15 10 16 44 17 48 18 89 19 97 20 46 
1 2 2 84 3 94 4 53 5 94 6 26 7 26 8 82 9 41 10 79 11 91 12 7 13 50 14 70 15 95 16 9 17 40 18 7 19 94 20 23 
1 68 2 79 3 46 4 69 5 88 6 44 7 22 8 1 9 43 10 5 11 79 12 51 13 27 14 97 15 70 16 53 17 94 18 42 19 97 20 43 
1 47 2 78 3 98 4 5 5 14 6 93 7 16 8 92 9 73 10 79 11 60 12 69 13 23 14 50 15 69 16 3 17 20 18 34 19 14 20 27 
1 5 2 27 3 2 4 75 5 58 6 18 7 15 8 40 9 25 10 14 11 24 12 10 13 40 14 63 15 49 16 26 17 86 18 47 19 36 20 12 
1 58 2 41 3 50 4 22 5 45 6 85 7 49 8 70 9 36 10 33 11 1 12 4 13 5 14 95 15 50 16 27 17 54 18 32 19 81 20 27 
1 64 2 49 3 41 4 14 5 90 6 8 7 60 8 33 9 88 10 62 11 28 12 3 13 66 14 13 15 52 16 77 17 15 18 33 19 48 20 25 
1 38 2 44 3 1 4 47 5 35 6 98 7 54 8 46 9 20 10 45 11 24 12 47 13 73 14 87 15 84 16 42 17 26 18 20 19 91 20 94 
1 20 2 2 3 55 4 65 5 87 6 63 7 99 8 47 9 51 10 89 11 39 12 50 13 22 14 40 15 72 16 21 17 20 18 3 19 14 20 37 
1 52 2 27 3 24 4 75 5 93 6 17 7 24 8 27 9 3 10 11 11 1 12 16 13 13 14 34 15 88 16 67 17 64 18 76 19 12 20 6 
1 1 2 41 3 24 4 17 5 26 6 8 7 94 8 79 9 69 10 24 11 3 12 91 13 52 14 88 15 8 16 80 17 2 18 74 19 72 20 95 
1 57 2 9 3 37 4 15 5 53 6 94 7 8 8 74 9 74 10 52 11 39 12 53 13 57 14 57 15 27 16 37 17 43 18 58 19 72 20 19 
1 12 2 86 3 50 4 56 5 62 6 29 7 36 8 49 9 66 10 75 11 63 12 24 13 85 14 56 15 63 16 91 17 18 18 97 19 92 20 23 
1 67 2 10 3 96 4 68 5 2 6 4 7 50 8 22 9 25 10 27 11 49 12 22 13 21 14 21 15 80 16 98 17 37 18 16 19 28 20 4 
1 37 2 17 3 9 4 14 5 90 6 35 7 31 8 37 9 85 10 64 11 34 12 36 13 62 14 10 15 46 16 63 17 49 18 66 19 75 20 99 
1 2 2 32 3 45 4 90 5 77 6 67 7 8 8 8 9 20 10 40 11 72 12 33 13 4 14 59 15 58 16 95 17 64 18 75 19 96 20 8 
1 9 2 77 3 47 4 24 5 28 6 99 7 19 8 8 9 76 10 79 11 52 12 8 13 44 14 66 15 7 16 45 17 77 18 81 19 19 20 91 
1 90 2 69 3 22 4 45 5 19 6 67 7 98 8 46 9 1 10 44 11 75 12 79 13 49 14 5 15 46 16 60 17 5 18 30 19 13 20 83 
1 3 2 89 3 58 4 89 5 3 6 67 7 9 8 16 9 80 10 38 11 36 12 54 13 66 14 59 15 42 16 18 17 34 18 2 19 91 20 92 
1 64 2 15 3 15 4 16 5 21 6 79 7 82 8 10 9 84 10 37 11 29 12 99 13 11 14 86 15 33 16 30 17 28 18 86 19 48 20 61 
1 50 2 56 3 70 4 78 5 85 6 99 7 67 8 52 9 69 10 22 11 16 12 39 13 19 14 49 15 75 16 96 17 55 18 45 19 32 20 79 
1 24 2 97 3 58 4 77 5 41 6 69 7 68 8 41 9 18 10 38 11 82 12 7 13 91 14 27 15 45 16 23 17 13 18 38 19 68 20 64 
1 72 2 68 3 93 4 56 5 15 6 36 7 86 8 70 9 81 10 4 11 32 12 72 13 32 14 87 15 46 16 20 17 7 18 8 19 75 20 16 
1 89 2 9 3 54 4 99 5 90 6 84 7 19 8 64 9 15 10 51 11 8 12 2 13 26 14 30 15 94 16 70 17 13 18 30 19 58 20 64 
1 12 2 11 3 41 4 37 5 98 6 24 7 81 8 83 9 4 10 94 11 37 12 85 13 54 14 77 15 54 16 57 17 70 18 38 19 98 20 95 
1 88 2 22 3 64 4 72 5 3 6 74 7 97 8 93 9 79 10 7 11 85 12 26 13 76 14 27 15 20 16 99 17 45 18 11 19 45 20 33 
1 75 2 2 3 71 4 77 5 99 6 65 7 48 8 16 9 9 10 13 11 99 12 83 13 36 14 49 15 45 16 30 17 49 18 40 19 18 20 44 
1 56 2 25 3 33 4 34 5 84 6 21 7 2 8 46 9 33 10 72 11 72 12 10 13 4 14 48 15 92 16 71 17 6 18 69 19 88 20 67 
1 61 2 16 3 30 4 49 5 17 6 43 7 11 8 94 9 6 10 87 11 15 12 28 13 11 14 79 15 7 16 3 17 98 18 65 19 52 20 41 
1 39 2 69 3 89 4 16 5 27 6 77 7 41 8 41 9 26 10 64 11 8 12 13 13 91 14 14 15 54 16 34 17 62 18 44 19 88 20 45 
1 72 2 42 3 16 4 95 5 89 6 30 7 66 8 86 9 31 10 82 11 11 12 93 13 96 14 26 15 97 16 25 17 49 18 55 19 48 20 4 
1 93 2 85 3 48 4 4 5 3 6 51 7 43 8 22 9 46 10 35 11 1 12 56 13 26 14 23 15 66 16 41 17 28 18 49 19 11 20 64 
1 45 2 33 3 6 4 97 5 38 6 46 7 7 8 34 9 96 10 55 11 11 12 72 13 73 14 84 15 34 16 45 17 81 18 53 19 12 20 7 
1 3 2 66 3 82 4 55 5 29 6 74 7 40 8 53 9 47 10 30 11 74 12 67 13 21 14 59 15 90 16 95 17 66 18 55 19 20 20 72 
1 2 2 29 3 11 4 80 5 54 6 94 7 77 8 45 9 69 10 14 11 12 12 54 13 73 14 41 15 51 16 83 17 28 18 61 19 73 20 40 
1 97 2 96 3 70 4 33 5 36 6 66 7 67 8 39 9 13 10 55 11 1 12 79 13 39 14 87 15 72 16 64 17 45 18 48 19 85 20 4 
1 25 2 14 3 90 4 50 5 57 6 12 7 36 8 47 9 78 10 82 11 91 12 9 13 81 14 61 15 89 16 99 17 10 18 77 19 34 20 8 
1 18 2 54 3 35 4 64 5 73 6 72 7 79 8 81 9 6 10 40 11 97 12 78 13 24 14 62 15 25 16 45 17 10 18 65 19 72 20 69 
1 35 2 55 3 24 4 97 5 45 6 3 7 4 8 15 9 44 10 42 11 68 12 92 13 56 14 92 15 34 16 42 17 35 18 27 19 26 20 41 
1 29 2 27 3 75 4 72 5 22 6 95 7 63 8 96 9 64 10 40 11 98 12 53 13 53 14 37 15 96 16 52 17 13 18 80 19 65 20 95 
1 65 2 20 3 23 4 40 5 13 6 37 7 26 8 6 9 69 10 12 11 59 12 76 13 80 14 34 15 29 16 13 17 69 18 87 19 67 20 7 
1 45 2 67 3 55 4 38 5 80 6 58 7 28 8 22 9 63 10 79 11 8 12 79 13 40 14 65 15 14 16 82 17 12 18 43 19 35 20 12 
1 6 2 97 3 93 4 46 5 68 6 34 7 54 8 15 9 91 10 90 11 70 12 38 13 32 14 53 15 93 16 61 17 90 18 84 19 40 20 34 
1 83 2 30 3 27 4 99 5 14 6 82 7 47 8 55 9 46 10 31 11 64 12 52 13 68 14 42 15 74 16 75 17 41 18 59 19 53 20 66 
1 47 2 71 3 24 4 56 5 65 6 52 7 84 8 98 9 64 10 19 11 51 12 51 13 78 14 44 15 4 16 74 17 73 18 59 19 65 20 33 
1 24 2 25 3 57 4 63 5 84 6 85 7 37 8 11 9 63 10 87 11 19 12 11 13 61 14 57 15 28 16 27 17 51 18 56 19 90 20 43 
1 19 2 96 3 39 4 56 5 42 6 67 7 29 8 12 9 65 10 78 11 68 12 44 13 67 14 67 15 67 16 18 17 58 18 86 19 88 20 54 
1 94 2 65 3 66 4 55 5 19 6 24 7 6 8 11 9 39 10 55 11 5 12 23 13 91 14 28 15 31 16 91 17 83 18 82 19 6 20 90 
1 90 2 18 3 86 4 38 5 76 6 66 7 85 8 78 9 37 10 44 11 40 12 99 13 96 14 69 15 52 16 60 17 66 18 49 19 81 20 32 
Reldue
-1 3915 -1 9
-1 3079 -1 5
-1 4193 -1 10
-1 5673 -1 5
-1 5278 -1 7
-1 3337 -1 10
-1 4348 -1 4
-1 3520 -1 8
-1 5451 -1 2
-1 4455 -1 10
-1 2850 -1 6
-1 3419 -1 5
-1 5314 -1 5
-1 5050 -1 10
-1 4999 -1 2
-1 5388 -1 7
-1 3740 -1 6
-1 3392 -1 7
-1 5045 -1 7
-1 6049 -1 10
-1 3692 -1 6
-1 5551 -1 7
-1 3755 -1 3
-1 4419 -1 9
-1 3830 -1 10
-1 3946 -1 10
-1 3650 -1 3
-1 5645 -1 5
-1 5645 -1 7
-1 5750 -1 9
-1 5709 -1 10
-1 4806 -1 6
-1 3173 -1 7
-1 5695 -1 7
-1 4680 -1 10
-1 3128 -1 1
-1 5783 -1 10
-1 4924 -1 1
-1 5032 -1 9
-1 5175 -1 6
-1 5128 -1 1
-1 4577 -1 10
-1 5013 -1 1
-1 5939 -1 6
-1 3718 -1 9
-1 4861 -1 2
-1 2818 -1 4
-1 5313 -1 8
-1 3596 -1 8
-1 4047 -1 1
-1 5664 -1 2
-1 3784 -1 10
-1 4200 -1 6
-1 5000 -1 10
-1 5701 -1 5
-1 2927 -1 9
-1 5865 -1 10
-1 3671 -1 2
-1 5301 -1 3
-1 4822 -1 2
-1 4896 -1 7
-1 4710 -1 2
-1 2821 -1 8
-1 3996 -1 10
-1 4010 -1 1
-1 5948 -1 2
-1 3198 -1 5
-1 2940 -1 2
-1 4542 -1 10
-1 5895 -1 7
-1 5264 -1 8
-1 3601 -1 2
-1 4670 -1 5
-1 2807 -1 1
-1 4505 -1 8
-1 4663 -1 2
-1 4338 -1 9
-1 3267 -1 6
-1 5433 -1 8
-1 4001 -1 10
-1 3194 -1 7
-1 5954 -1 9
-1 4845 -1 4
-1 5962 -1 4
-1 4265 -1 9
-1 4480 -1 3
-1 3131 -1 9
-1 4728 -1 5
-1 4053 -1 2
-1 3819 -1 9
-1 3819 -1 2
-1 4143 -1 10
-1 2907 -1 5
-1 3385 -1 2
-1 3772 -1 10
-1 4547 -1 8
-1 2937 -1 4
-1 4520 -1 8
-1 3117 -1 7
-1 3642 -1 4
LB 5518
