50 20
1 86 2 35 3 41 4 97 5 25 6 86 7 84 8 98 9 95 10 95 11 76 12 28 13 70 14 21 15 79 16 24 17 65 18 37 19 3 20 16 
1 40 2 96 3 59 4 68 5 33 6 12 7 25 8 4 9 47 10 77 11 79 12 27 13 14 14 23 15 78 16 24 17 32 18 85 19 33 20 51 
1 81 2 85 3 67 4 2 5 66 6 21 7 82 8 60 9 93 10 7 11 85 12 60 13 45 14 30 15 65 16 79 17 60 18 61 19 83 20 48 
1 36 2 5 3 5 4 57 5 79 6 17 7 5 8 80 9 38 10 52 11 43 12 68 13 47 14 79 15 92 16 5 17 12 18 79 19 86 20 27 
1 82 2 34 3 79 4 93 5 21 6 87 7 39 8 15 9 10 10 85 11 44 12 55 13 93 14 90 15 50 16 33 17 89 18 35 19 56 20 7 
1 34 2 23 3 86 4 58 5 19 6 42 7 93 8 19 9 4 10 93 11 44 12 72 13 78 14 20 15 96 16 18 17 66 18 93 19 95 20 58 
1 98 2 98 3 66 4 1 5 92 6 53 7 66 8 60 9 78 10 52 11 6 12 14 13 22 14 42 15 70 16 86 17 74 18 13 19 19 20 47 
1 20 2 50 3 7 4 89 5 73 6 90 7 97 8 59 9 88 10 18 11 31 12 69 13 17 14 84 15 70 16 13 17 39 18 40 19 89 20 32 
1 16 2 52 3 60 4 4 5 84 6 95 7 59 8 15 9 63 10 36 11 11 12 20 13 71 14 87 15 72 16 89 17 27 18 18 19 71 20 93 
1 94 2 66 3 24 4 37 5 75 6 43 7 67 8 72 9 58 10 22 11 77 12 12 13 93 14 52 15 12 16 27 17 48 18 13 19 36 20 49 
1 68 2 8 3 34 4 26 5 15 6 94 7 24 8 46 9 27 10 63 11 79 12 51 13 60 14 8 15 19 16 19 17 36 18 89 19 14 20 50 
1 28 2 95 3 36 4 4 5 44 6 60 7 73 8 45 9 29 10 32 11 25 12 65 13 76 14 94 15 89 16 85 17 59 18 64 19 82 20 27 
1 27 2 77 3 25 4 55 5 4 6 96 7 63 8 23 9 43 10 19 11 22 12 88 13 51 14 49 15 88 16 45 17 81 18 31 19 52 20 21 
1 56 2 33 3 9 4 45 5 6 6 70 7 7 8 77 9 88 10 9 11 78 12 63 13 26 14 82 15 73 16 73 17 59 18 18 19 57 20 35 
1 12 2 85 3 96 4 66 5 7 6 40 7 42 8 77 9 76 10 70 11 51 12 80 13 17 14 80 15 82 16 25 17 72 18 21 19 77 20 22 
1 71 2 23 3 36 4 27 5 82 6 32 7 41 8 91 9 34 10 18 11 46 12 78 13 85 14 12 15 70 16 9 17 28 18 68 19 81 20 15 
1 50 2 75 3 44 4 24 5 96 6 79 7 22 8 62 9 68 10 91 11 62 12 60 13 16 14 91 15 91 16 40 17 50 18 51 19 3 20 99 
1 50 2 12 3 55 4 8 5 5 6 88 7 46 8 74 9 47 10 56 11 63 12 57 13 2 14 85 15 52 16 60 17 6 18 87 19 66 20 57 
1 62 2 92 3 82 4 17 5 98 6 9 7 56 8 16 9 66 10 80 11 72 12 16 13 71 14 46 15 72 16 45 17 87 18 75 19 24 20 42 
1 62 2 45 3 27 4 8 5 55 6 31 7 77 8 47 9 6 10 51 11 79 12 46 13 1 14 64 15 41 16 5 17 69 18 93 19 25 20 18 
1 93 2 40 3 23 4 79 5 23 6 49 7 58 8 28 9 65 10 45 11 46 12 90 13 58 14 26 15 9 16 91 17 36 18 43 19 54 20 97 
1 98 2 75 3 27 4 22 5 84 6 45 7 91 8 39 9 29 10 1 11 2 12 41 13 32 14 52 15 24 16 19 17 44 18 79 19 17 20 50 
1 75 2 99 3 23 4 21 5 57 6 60 7 11 8 90 9 75 10 60 11 11 12 6 13 40 14 97 15 80 16 77 17 7 18 25 19 22 20 53 
1 24 2 50 3 48 4 86 5 10 6 26 7 56 8 28 9 31 10 97 11 33 12 19 13 51 14 40 15 13 16 40 17 73 18 54 19 57 20 80 
1 46 2 2 3 73 4 41 5 27 6 63 7 33 8 18 9 33 10 6 11 95 12 29 13 34 14 24 15 93 16 24 17 88 18 56 19 88 20 44 
1 16 2 29 3 6 4 65 5 89 6 28 7 35 8 16 9 19 10 83 11 67 12 99 13 46 14 16 15 65 16 42 17 59 18 83 19 21 20 89 
1 35 2 83 3 7 4 28 5 4 6 18 7 98 8 55 9 99 10 25 11 16 12 96 13 29 14 78 15 34 16 61 17 40 18 81 19 24 20 25 
1 92 2 91 3 38 4 30 5 43 6 22 7 4 8 1 9 9 10 22 11 81 12 37 13 60 14 4 15 16 16 18 17 26 18 92 19 71 20 56 
1 38 2 25 3 52 4 3 5 39 6 32 7 22 8 59 9 55 10 87 11 61 12 13 13 85 14 86 15 33 16 49 17 36 18 44 19 13 20 63 
1 62 2 33 3 99 4 58 5 57 6 38 7 96 8 90 9 66 10 16 11 24 12 93 13 92 14 49 15 70 16 16 17 39 18 2 19 95 20 30 
1 48 2 76 3 44 4 76 5 46 6 98 7 94 8 63 9 75 10 90 11 33 12 70 13 53 14 41 15 81 16 29 17 91 18 90 19 60 20 36 
1 45 2 87 3 95 4 97 5 24 6 17 7 5 8 13 9 89 10 91 11 37 12 3 13 56 14 83 15 8 16 94 17 18 18 24 19 30 20 14 
1 8 2 85 3 63 4 46 5 25 6 60 7 86 8 64 9 29 10 75 11 34 12 1 13 92 14 38 15 21 16 73 17 57 18 56 19 26 20 61 
1 74 2 93 3 36 4 44 5 12 6 57 7 86 8 47 9 93 10 98 11 17 12 29 13 55 14 56 15 61 16 57 17 55 18 63 19 15 20 2 
1 11 2 62 3 76 4 8 5 52 6 57 7 4 8 31 9 44 10 74 11 90 12 8 13 20 14 59 15 82 16 35 17 35 18 91 19 5 20 84 
1 17 2 53 3 48 4 78 5 39 6 89 7 39 8 77 9 69 10 36 11 28 12 23 13 21 14 50 15 61 16 71 17 34 18 5 19 57 20 79 
1 93 2 64 3 91 4 8 5 79 6 2 7 35 8 98 9 22 10 63 11 66 12 33 13 96 14 4 15 68 16 14 17 82 18 95 19 50 20 67 
1 66 2 38 3 58 4 93 5 67 6 18 7 36 8 79 9 95 10 45 11 55 12 23 13 31 14 16 15 25 16 73 17 66 18 91 19 4 20 89 
1 81 2 56 3 85 4 83 5 6 6 41 7 24 8 19 9 37 10 43 11 35 12 91 13 38 14 62 15 86 16 39 17 97 18 50 19 25 20 57 
1 2 2 10 3 25 4 94 5 81 6 30 7 3 8 84 9 34 10 27 11 40 12 73 13 17 14 6 15 54 16 22 17 16 18 93 19 37 20 84 
1 23 2 59 3 29 4 88 5 99 6 95 7 34 8 1 9 95 10 32 11 36 12 28 13 29 14 89 15 74 16 3 17 12 18 52 19 79 20 98 
1 89 2 74 3 85 4 28 5 66 6 14 7 44 8 81 9 57 10 78 11 29 12 47 13 41 14 43 15 29 16 72 17 79 18 73 19 1 20 51 
1 95 2 75 3 68 4 70 5 74 6 21 7 94 8 10 9 53 10 74 11 88 12 38 13 99 14 51 15 9 16 30 17 89 18 83 19 19 20 33 
1 72 2 94 3 26 4 2 5 75 6 10 7 56 8 28 9 73 10 67 11 63 12 5 13 32 14 69 15 71 16 77 17 35 18 48 19 48 20 60 
1 47 2 83 3 9 4 59 5 64 6 2 7 56 8 4 9 5 10 46 11 48 12 89 13 45 14 93 15 26 16 85 17 44 18 59 19 97 20 49 
1 65 2 56 3 75 4 47 5 47 6 66 7 74 8 25 9 29 10 69 11 63 12 18 13 69 14 76 15 81 16 33 17 85 18 28 19 2 20 52 
1 89 2 85 3 77 4 72 5 80 6 40 7 64 8 1 9 73 10 25 11 69 12 99 13 77 14 78 15 79 16 38 17 76 18 45 19 3 20 30 
1 54 2 14 3 14 4 30 5 7 6 9 7 92 8 44 9 95 10 67 11 34 12 7 13 30 14 81 15 27 16 56 17 88 18 90 19 73 20 12 
1 82 2 92 3 84 4 55 5 6 6 38 7 69 8 18 9 16 10 92 11 28 12 27 13 23 14 80 15 75 16 37 17 98 18 87 19 4 20 24 
1 45 2 52 3 83 4 43 5 77 6 30 7 56 8 69 9 98 10 34 11 43 12 51 13 81 14 39 15 30 16 89 17 44 18 79 19 91 20 53 
Reldue
-1 2248 -1 7
-1 1674 -1 2
-1 2325 -1 8
-1 2842 -1 4
-1 2046 -1 8
-1 1745 -1 1
-1 2745 -1 8
-1 1926 -1 2
-1 1873 -1 9
-1 2123 -1 10
-1 2261 -1 3
-1 1786 -1 3
-1 2719 -1 9
-1 2605 -1 5
-1 3073 -1 3
-1 2871 -1 9
-1 2986 -1 7
-1 2729 -1 8
-1 3054 -1 2
-1 1548 -1 7
-1 3161 -1 2
-1 3133 -1 2
-1 1830 -1 3
-1 3178 -1 5
-1 3085 -1 2
-1 1527 -1 2
-1 2378 -1 8
-1 3133 -1 3
-1 1570 -1 5
-1 2211 -1 7
-1 2720 -1 4
-1 2756 -1 9
-1 1567 -1 4
-1 2379 -1 1
-1 2612 -1 6
-1 3126 -1 2
-1 1675 -1 10
-1 3189 -1 3
-1 1972 -1 2
-1 2803 -1 6
-1 3067 -1 3
-1 2746 -1 7
-1 3130 -1 5
-1 1990 -1 2
-1 1507 -1 9
-1 2249 -1 7
-1 1886 -1 5
-1 2920 -1 5
-1 2378 -1 1
-1 2171 -1 4
LB 2932
