50 20
1 43 2 20 3 70 4 63 5 50 6 47 7 67 8 9 9 25 10 99 11 18 12 6 13 86 14 63 15 11 16 76 17 56 18 37 19 69 20 66 
1 68 2 74 3 6 4 15 5 71 6 86 7 14 8 9 9 19 10 65 11 94 12 10 13 78 14 11 15 59 16 78 17 16 18 60 19 4 20 51 
1 29 2 4 3 32 4 22 5 12 6 56 7 99 8 26 9 30 10 23 11 90 12 68 13 53 14 64 15 86 16 27 17 36 18 39 19 12 20 10 
1 33 2 53 3 92 4 47 5 45 6 29 7 35 8 14 9 70 10 54 11 79 12 84 13 52 14 78 15 80 16 8 17 60 18 28 19 79 20 12 
1 52 2 17 3 54 4 48 5 85 6 20 7 71 8 15 9 2 10 11 11 36 12 83 13 21 14 69 15 81 16 15 17 73 18 99 19 37 20 6 
1 93 2 23 3 29 4 87 5 94 6 11 7 77 8 24 9 24 10 80 11 20 12 94 13 51 14 88 15 81 16 67 17 33 18 6 19 55 20 67 
1 17 2 47 3 74 4 54 5 74 6 78 7 3 8 28 9 38 10 21 11 76 12 32 13 68 14 28 15 97 16 24 17 20 18 79 19 60 20 81 
1 23 2 44 3 62 4 22 5 88 6 74 7 71 8 99 9 67 10 67 11 61 12 63 13 11 14 16 15 16 16 73 17 2 18 35 19 46 20 47 
1 91 2 66 3 76 4 63 5 64 6 73 7 84 8 68 9 23 10 86 11 31 12 76 13 56 14 62 15 43 16 14 17 3 18 99 19 47 20 52 
1 85 2 80 3 14 4 52 5 83 6 72 7 89 8 29 9 50 10 82 11 55 12 74 13 33 14 61 15 32 16 5 17 84 18 67 19 5 20 61 
1 19 2 73 3 79 4 13 5 26 6 87 7 16 8 79 9 76 10 47 11 71 12 37 13 68 14 85 15 64 16 44 17 78 18 38 19 81 20 57 
1 83 2 68 3 99 4 59 5 1 6 65 7 86 8 39 9 91 10 87 11 98 12 21 13 25 14 8 15 38 16 95 17 32 18 55 19 11 20 65 
1 6 2 73 3 53 4 49 5 68 6 45 7 88 8 43 9 67 10 22 11 66 12 50 13 66 14 86 15 8 16 72 17 54 18 76 19 6 20 83 
1 6 2 94 3 70 4 22 5 73 6 79 7 77 8 64 9 59 10 5 11 74 12 83 13 5 14 34 15 77 16 73 17 77 18 87 19 90 20 4 
1 96 2 58 3 71 4 82 5 35 6 40 7 25 8 23 9 69 10 55 11 34 12 73 13 67 14 67 15 28 16 58 17 15 18 51 19 32 20 85 
1 67 2 65 3 79 4 77 5 95 6 43 7 41 8 77 9 8 10 37 11 82 12 46 13 46 14 82 15 68 16 86 17 57 18 5 19 77 20 66 
1 64 2 54 3 93 4 85 5 36 6 18 7 76 8 3 9 91 10 59 11 54 12 35 13 74 14 92 15 43 16 87 17 89 18 42 19 66 20 24 
1 57 2 45 3 91 4 56 5 30 6 72 7 28 8 99 9 88 10 1 11 75 12 97 13 8 14 66 15 9 16 40 17 26 18 13 19 53 20 14 
1 46 2 43 3 13 4 54 5 74 6 77 7 62 8 62 9 60 10 32 11 58 12 72 13 43 14 84 15 43 16 56 17 83 18 35 19 77 20 9 
1 80 2 68 3 97 4 58 5 82 6 93 7 87 8 3 9 94 10 27 11 45 12 11 13 94 14 59 15 46 16 11 17 99 18 50 19 62 20 74 
1 20 2 57 3 97 4 28 5 49 6 35 7 49 8 5 9 8 10 88 11 68 12 10 13 37 14 51 15 40 16 97 17 6 18 13 19 63 20 6 
1 87 2 17 3 28 4 59 5 81 6 91 7 41 8 63 9 4 10 88 11 38 12 50 13 3 14 16 15 8 16 85 17 44 18 62 19 32 20 47 
1 95 2 74 3 51 4 32 5 53 6 19 7 8 8 86 9 63 10 42 11 60 12 99 13 46 14 81 15 60 16 84 17 93 18 86 19 81 20 78 
1 78 2 50 3 87 4 40 5 89 6 57 7 65 8 78 9 70 10 56 11 40 12 90 13 79 14 27 15 93 16 92 17 34 18 24 19 18 20 11 
1 5 2 43 3 97 4 15 5 95 6 22 7 70 8 53 9 96 10 60 11 1 12 18 13 3 14 22 15 29 16 24 17 87 18 46 19 49 20 58 
1 52 2 34 3 99 4 13 5 73 6 10 7 76 8 71 9 85 10 48 11 31 12 84 13 92 14 29 15 80 16 73 17 50 18 3 19 34 20 42 
1 86 2 10 3 35 4 20 5 93 6 34 7 43 8 82 9 17 10 45 11 90 12 65 13 46 14 90 15 89 16 43 17 55 18 70 19 14 20 68 
1 58 2 89 3 21 4 89 5 32 6 44 7 80 8 32 9 32 10 75 11 93 12 22 13 17 14 35 15 3 16 93 17 89 18 60 19 34 20 25 
1 88 2 64 3 28 4 24 5 60 6 23 7 99 8 75 9 26 10 53 11 68 12 37 13 38 14 93 15 96 16 26 17 6 18 61 19 97 20 69 
1 74 2 82 3 63 4 62 5 21 6 48 7 78 8 89 9 35 10 82 11 42 12 7 13 88 14 11 15 46 16 59 17 12 18 32 19 22 20 38 
1 95 2 98 3 78 4 15 5 54 6 25 7 93 8 16 9 93 10 92 11 33 12 47 13 71 14 18 15 26 16 49 17 97 18 75 19 59 20 80 
1 90 2 16 3 56 4 36 5 10 6 26 7 86 8 96 9 27 10 87 11 62 12 76 13 97 14 55 15 87 16 31 17 6 18 39 19 41 20 80 
1 95 2 56 3 72 4 16 5 15 6 47 7 29 8 47 9 69 10 18 11 78 12 92 13 47 14 79 15 59 16 9 17 98 18 4 19 97 20 75 
1 57 2 61 3 23 4 81 5 18 6 79 7 33 8 4 9 80 10 23 11 57 12 41 13 10 14 89 15 18 16 60 17 79 18 22 19 52 20 25 
1 23 2 42 3 71 4 65 5 58 6 22 7 78 8 40 9 22 10 24 11 88 12 32 13 59 14 13 15 95 16 13 17 53 18 36 19 46 20 34 
1 25 2 30 3 96 4 75 5 64 6 69 7 80 8 91 9 84 10 13 11 27 12 98 13 78 14 81 15 56 16 13 17 36 18 96 19 48 20 72 
1 76 2 25 3 31 4 12 5 29 6 4 7 93 8 18 9 95 10 19 11 24 12 37 13 69 14 43 15 73 16 86 17 97 18 63 19 5 20 46 
1 58 2 52 3 49 4 6 5 61 6 78 7 91 8 64 9 30 10 31 11 37 12 49 13 26 14 27 15 2 16 95 17 47 18 52 19 14 20 57 
1 65 2 20 3 83 4 42 5 67 6 92 7 42 8 12 9 86 10 4 11 16 12 8 13 23 14 82 15 78 16 73 17 12 18 93 19 38 20 48 
1 63 2 54 3 96 4 18 5 47 6 87 7 30 8 98 9 40 10 19 11 87 12 6 13 20 14 71 15 91 16 67 17 97 18 13 19 21 20 22 
1 15 2 24 3 79 4 66 5 82 6 59 7 59 8 83 9 4 10 27 11 98 12 60 13 21 14 12 15 12 16 20 17 25 18 14 19 79 20 2 
1 17 2 71 3 62 4 35 5 45 6 55 7 38 8 43 9 75 10 54 11 15 12 28 13 79 14 33 15 58 16 88 17 28 18 35 19 40 20 86 
1 9 2 19 3 5 4 54 5 50 6 39 7 28 8 89 9 95 10 65 11 99 12 44 13 52 14 60 15 91 16 91 17 60 18 88 19 96 20 56 
1 66 2 95 3 37 4 94 5 57 6 80 7 46 8 78 9 37 10 67 11 38 12 17 13 37 14 14 15 71 16 5 17 6 18 72 19 74 20 89 
1 22 2 16 3 49 4 14 5 9 6 94 7 44 8 47 9 93 10 53 11 63 12 78 13 47 14 21 15 94 16 31 17 8 18 51 19 34 20 33 
1 34 2 57 3 49 4 84 5 38 6 59 7 89 8 61 9 67 10 11 11 31 12 21 13 83 14 52 15 59 16 88 17 70 18 23 19 75 20 77 
1 7 2 65 3 93 4 18 5 79 6 26 7 77 8 91 9 24 10 89 11 82 12 6 13 33 14 52 15 62 16 62 17 57 18 48 19 62 20 61 
1 68 2 1 3 83 4 49 5 87 6 79 7 2 8 86 9 10 10 3 11 59 12 18 13 92 14 55 15 23 16 32 17 62 18 28 19 91 20 37 
1 18 2 69 3 2 4 41 5 12 6 27 7 11 8 69 9 35 10 71 11 3 12 92 13 55 14 45 15 44 16 20 17 28 18 5 19 19 20 94 
1 35 2 6 3 31 4 44 5 97 6 97 7 43 8 34 9 91 10 74 11 44 12 32 13 28 14 98 15 75 16 22 17 46 18 59 19 62 20 43 
Reldue
-1 1629 -1 10
-1 1726 -1 8
-1 3005 -1 1
-1 3024 -1 1
-1 2687 -1 8
-1 2338 -1 5
-1 2667 -1 5
-1 3302 -1 2
-1 1721 -1 5
-1 2747 -1 6
-1 2205 -1 5
-1 2668 -1 7
-1 2007 -1 1
-1 1750 -1 6
-1 3026 -1 8
-1 1870 -1 5
-1 1787 -1 7
-1 2878 -1 10
-1 2148 -1 9
-1 3075 -1 7
-1 1991 -1 7
-1 2336 -1 8
-1 1889 -1 5
-1 2895 -1 7
-1 3230 -1 2
-1 2724 -1 2
-1 2158 -1 6
-1 1964 -1 2
-1 1864 -1 5
-1 1758 -1 10
-1 2112 -1 1
-1 1672 -1 5
-1 3023 -1 3
-1 3078 -1 10
-1 1759 -1 4
-1 3081 -1 2
-1 1578 -1 7
-1 2292 -1 4
-1 3114 -1 5
-1 2742 -1 6
-1 2426 -1 6
-1 2758 -1 7
-1 3157 -1 5
-1 2467 -1 4
-1 1701 -1 10
-1 2808 -1 10
-1 2876 -1 1
-1 1814 -1 6
-1 2582 -1 3
-1 2894 -1 10
LB 3005
