50 20
1 91 2 16 3 96 4 29 5 91 6 10 7 21 8 76 9 23 10 72 11 35 12 97 13 41 14 86 15 91 16 27 17 84 18 17 19 63 20 17 
1 8 2 99 3 7 4 27 5 14 6 76 7 59 8 26 9 4 10 75 11 76 12 62 13 78 14 84 15 58 16 95 17 33 18 11 19 7 20 76 
1 19 2 4 3 78 4 18 5 44 6 17 7 19 8 80 9 91 10 60 11 72 12 76 13 30 14 46 15 7 16 64 17 79 18 25 19 19 20 94 
1 34 2 79 3 43 4 95 5 4 6 19 7 71 8 53 9 23 10 15 11 5 12 28 13 76 14 9 15 7 16 27 17 80 18 83 19 79 20 11 
1 34 2 86 3 18 4 41 5 83 6 43 7 61 8 85 9 31 10 37 11 9 12 49 13 20 14 49 15 96 16 54 17 11 18 39 19 10 20 61 
1 61 2 24 3 53 4 97 5 77 6 79 7 96 8 55 9 82 10 74 11 28 12 40 13 88 14 10 15 15 16 32 17 57 18 57 19 59 20 80 
1 28 2 51 3 75 4 70 5 3 6 58 7 24 8 96 9 26 10 42 11 10 12 67 13 16 14 66 15 31 16 89 17 50 18 41 19 12 20 70 
1 1 2 59 3 87 4 38 5 69 6 19 7 10 8 58 9 15 10 36 11 76 12 24 13 30 14 61 15 98 16 3 17 20 18 87 19 46 20 86 
1 85 2 85 3 61 4 46 5 25 6 76 7 56 8 66 9 83 10 52 11 13 12 37 13 42 14 75 15 97 16 96 17 86 18 32 19 68 20 77 
1 43 2 3 3 40 4 97 5 87 6 80 7 8 8 12 9 86 10 28 11 72 12 24 13 38 14 55 15 34 16 7 17 13 18 37 19 93 20 7 
1 65 2 8 3 47 4 3 5 27 6 71 7 51 8 76 9 20 10 41 11 76 12 71 13 98 14 74 15 23 16 81 17 81 18 45 19 42 20 67 
1 36 2 88 3 50 4 75 5 28 6 95 7 51 8 2 9 22 10 6 11 7 12 42 13 69 14 83 15 11 16 65 17 5 18 76 19 16 20 55 
1 12 2 5 3 23 4 7 5 60 6 45 7 74 8 12 9 19 10 53 11 65 12 56 13 65 14 37 15 49 16 96 17 59 18 40 19 38 20 55 
1 93 2 6 3 27 4 16 5 92 6 56 7 11 8 70 9 18 10 80 11 49 12 86 13 39 14 55 15 87 16 39 17 72 18 34 19 24 20 78 
1 47 2 44 3 25 4 31 5 65 6 34 7 5 8 94 9 37 10 78 11 28 12 71 13 35 14 98 15 33 16 6 17 94 18 40 19 17 20 37 
1 72 2 60 3 76 4 88 5 85 6 34 7 22 8 69 9 7 10 19 11 33 12 25 13 21 14 9 15 73 16 50 17 63 18 30 19 76 20 84 
1 17 2 55 3 54 4 74 5 83 6 67 7 31 8 55 9 66 10 45 11 96 12 44 13 59 14 36 15 41 16 22 17 1 18 22 19 90 20 84 
1 38 2 19 3 99 4 84 5 37 6 1 7 41 8 44 9 29 10 96 11 26 12 46 13 82 14 40 15 27 16 65 17 34 18 32 19 40 20 12 
1 24 2 52 3 94 4 71 5 71 6 49 7 44 8 63 9 40 10 83 11 17 12 22 13 39 14 62 15 68 16 86 17 97 18 65 19 88 20 6 
1 44 2 79 3 1 4 23 5 83 6 26 7 89 8 73 9 93 10 58 11 43 12 9 13 62 14 16 15 67 16 51 17 96 18 4 19 47 20 28 
1 56 2 65 3 76 4 22 5 80 6 31 7 81 8 16 9 8 10 68 11 80 12 86 13 41 14 10 15 67 16 82 17 33 18 52 19 20 20 93 
1 40 2 77 3 56 4 73 5 79 6 6 7 49 8 5 9 81 10 63 11 35 12 52 13 27 14 20 15 56 16 86 17 23 18 5 19 51 20 13 
1 96 2 85 3 51 4 90 5 69 6 13 7 73 8 25 9 42 10 27 11 40 12 48 13 50 14 83 15 51 16 85 17 59 18 25 19 26 20 16 
1 62 2 2 3 75 4 7 5 77 6 98 7 99 8 61 9 7 10 17 11 47 12 90 13 29 14 7 15 19 16 84 17 3 18 10 19 53 20 85 
1 43 2 66 3 8 4 8 5 59 6 44 7 68 8 39 9 69 10 52 11 58 12 91 13 15 14 59 15 67 16 9 17 1 18 23 19 39 20 82 
1 68 2 16 3 38 4 3 5 86 6 25 7 14 8 43 9 68 10 97 11 15 12 51 13 1 14 18 15 42 16 8 17 80 18 94 19 36 20 54 
1 49 2 72 3 22 4 84 5 56 6 11 7 52 8 1 9 98 10 74 11 60 12 34 13 75 14 94 15 27 16 8 17 8 18 22 19 82 20 82 
1 68 2 64 3 34 4 38 5 77 6 44 7 99 8 18 9 3 10 19 11 93 12 21 13 29 14 78 15 71 16 66 17 71 18 76 19 32 20 73 
1 54 2 36 3 35 4 41 5 96 6 3 7 66 8 47 9 42 10 41 11 90 12 75 13 74 14 69 15 69 16 35 17 10 18 29 19 21 20 38 
1 47 2 40 3 5 4 52 5 51 6 32 7 26 8 71 9 7 10 90 11 55 12 43 13 75 14 66 15 25 16 28 17 24 18 51 19 48 20 40 
1 22 2 68 3 82 4 71 5 49 6 48 7 25 8 72 9 69 10 88 11 77 12 33 13 13 14 46 15 63 16 80 17 64 18 18 19 53 20 52 
1 16 2 85 3 27 4 84 5 98 6 69 7 75 8 4 9 4 10 73 11 72 12 83 13 77 14 29 15 88 16 39 17 48 18 81 19 83 20 99 
1 2 2 92 3 5 4 60 5 90 6 33 7 25 8 35 9 4 10 4 11 26 12 13 13 76 14 34 15 56 16 24 17 34 18 76 19 71 20 50 
1 61 2 80 3 77 4 30 5 52 6 9 7 68 8 89 9 66 10 96 11 49 12 82 13 1 14 32 15 62 16 95 17 48 18 44 19 61 20 43 
1 78 2 61 3 82 4 72 5 98 6 28 7 18 8 17 9 86 10 43 11 46 12 92 13 47 14 71 15 18 16 94 17 82 18 98 19 92 20 14 
1 92 2 39 3 45 4 43 5 5 6 2 7 93 8 55 9 60 10 67 11 61 12 78 13 31 14 60 15 24 16 30 17 74 18 51 19 64 20 24 
1 10 2 12 3 51 4 13 5 58 6 46 7 44 8 78 9 80 10 51 11 51 12 2 13 89 14 6 15 92 16 64 17 96 18 40 19 96 20 50 
1 25 2 94 3 54 4 35 5 81 6 85 7 72 8 85 9 43 10 9 11 92 12 80 13 8 14 94 15 50 16 30 17 18 18 16 19 45 20 69 
1 77 2 37 3 64 4 39 5 94 6 38 7 25 8 90 9 27 10 48 11 3 12 39 13 66 14 49 15 35 16 85 17 10 18 11 19 39 20 95 
1 1 2 66 3 81 4 72 5 31 6 90 7 31 8 81 9 36 10 1 11 83 12 16 13 44 14 50 15 59 16 45 17 44 18 64 19 24 20 99 
1 82 2 40 3 90 4 35 5 82 6 88 7 4 8 44 9 22 10 97 11 4 12 22 13 67 14 49 15 55 16 93 17 18 18 29 19 83 20 78 
1 2 2 48 3 66 4 30 5 35 6 83 7 43 8 47 9 52 10 22 11 71 12 67 13 19 14 46 15 31 16 32 17 29 18 14 19 87 20 10 
1 43 2 83 3 52 4 82 5 23 6 22 7 82 8 98 9 84 10 83 11 98 12 5 13 10 14 37 15 87 16 4 17 65 18 39 19 73 20 93 
1 83 2 35 3 74 4 45 5 3 6 81 7 70 8 87 9 39 10 92 11 73 12 50 13 11 14 73 15 52 16 60 17 66 18 21 19 98 20 90 
1 8 2 79 3 38 4 52 5 55 6 98 7 73 8 61 9 9 10 44 11 51 12 53 13 78 14 1 15 58 16 62 17 47 18 24 19 25 20 75 
1 16 2 62 3 19 4 89 5 88 6 21 7 99 8 87 9 83 10 6 11 31 12 86 13 96 14 1 15 5 16 51 17 88 18 46 19 91 20 48 
1 13 2 39 3 49 4 8 5 62 6 92 7 91 8 47 9 83 10 19 11 16 12 68 13 26 14 97 15 33 16 95 17 56 18 23 19 79 20 6 
1 36 2 7 3 18 4 13 5 39 6 96 7 57 8 85 9 90 10 92 11 51 12 97 13 97 14 2 15 69 16 58 17 89 18 65 19 40 20 95 
1 62 2 19 3 23 4 23 5 76 6 69 7 35 8 73 9 90 10 66 11 58 12 83 13 69 14 35 15 83 16 26 17 28 18 70 19 23 20 13 
1 51 2 14 3 89 4 60 5 60 6 95 7 94 8 81 9 88 10 62 11 29 12 75 13 39 14 70 15 23 16 9 17 95 18 28 19 25 20 71 
Reldue
-1 1711 -1 8
-1 1838 -1 8
-1 3293 -1 2
-1 1892 -1 1
-1 2426 -1 1
-1 2582 -1 10
-1 1582 -1 1
-1 2515 -1 9
-1 1987 -1 1
-1 2184 -1 1
-1 3168 -1 8
-1 2834 -1 10
-1 3198 -1 9
-1 2417 -1 2
-1 3066 -1 3
-1 3126 -1 8
-1 2034 -1 1
-1 2932 -1 3
-1 2675 -1 7
-1 2465 -1 1
-1 2298 -1 2
-1 2015 -1 10
-1 3188 -1 6
-1 1667 -1 3
-1 1612 -1 7
-1 2360 -1 3
-1 3228 -1 6
-1 2401 -1 3
-1 2050 -1 7
-1 2308 -1 4
-1 2140 -1 7
-1 2959 -1 5
-1 2121 -1 5
-1 1519 -1 4
-1 2106 -1 8
-1 1656 -1 4
-1 1766 -1 1
-1 1729 -1 6
-1 2944 -1 10
-1 3275 -1 2
-1 2973 -1 6
-1 2619 -1 9
-1 2157 -1 5
-1 3070 -1 3
-1 2074 -1 6
-1 2289 -1 7
-1 2789 -1 6
-1 2181 -1 8
-1 1612 -1 8
-1 1710 -1 5
LB 3037
