50 20
1 48 2 69 3 26 4 68 5 84 6 24 7 93 8 58 9 15 10 24 11 73 12 90 13 43 14 91 15 9 16 40 17 69 18 49 19 8 20 45 
1 1 2 76 3 56 4 7 5 20 6 61 7 45 8 64 9 70 10 57 11 25 12 56 13 54 14 62 15 65 16 35 17 57 18 74 19 79 20 39 
1 5 2 10 3 88 4 68 5 73 6 84 7 49 8 2 9 65 10 17 11 32 12 94 13 45 14 93 15 72 16 24 17 11 18 36 19 65 20 62 
1 8 2 24 3 93 4 97 5 22 6 36 7 98 8 68 9 92 10 98 11 20 12 28 13 5 14 20 15 34 16 31 17 58 18 74 19 94 20 82 
1 32 2 3 3 84 4 51 5 19 6 22 7 68 8 76 9 59 10 48 11 17 12 13 13 94 14 10 15 77 16 68 17 15 18 21 19 54 20 16 
1 60 2 36 3 49 4 5 5 44 6 73 7 91 8 55 9 44 10 88 11 78 12 51 13 40 14 4 15 30 16 13 17 77 18 80 19 30 20 9 
1 55 2 39 3 71 4 22 5 45 6 92 7 8 8 82 9 70 10 53 11 42 12 30 13 27 14 65 15 63 16 87 17 99 18 13 19 7 20 35 
1 60 2 94 3 18 4 6 5 80 6 50 7 55 8 77 9 93 10 55 11 48 12 38 13 74 14 88 15 22 16 5 17 92 18 77 19 76 20 7 
1 98 2 86 3 86 4 31 5 93 6 57 7 52 8 56 9 13 10 77 11 37 12 72 13 86 14 59 15 42 16 16 17 44 18 60 19 83 20 64 
1 29 2 17 3 6 4 36 5 78 6 33 7 88 8 96 9 34 10 46 11 41 12 92 13 15 14 46 15 43 16 97 17 35 18 96 19 56 20 19 
1 10 2 74 3 14 4 86 5 44 6 2 7 32 8 15 9 81 10 49 11 26 12 34 13 86 14 84 15 83 16 65 17 78 18 59 19 11 20 53 
1 28 2 29 3 9 4 98 5 90 6 45 7 52 8 55 9 43 10 93 11 8 12 16 13 1 14 83 15 49 16 65 17 45 18 10 19 47 20 57 
1 99 2 49 3 44 4 6 5 22 6 17 7 12 8 33 9 41 10 37 11 70 12 29 13 94 14 50 15 62 16 53 17 96 18 8 19 93 20 59 
1 51 2 49 3 79 4 48 5 63 6 78 7 84 8 78 9 25 10 68 11 8 12 50 13 33 14 34 15 76 16 92 17 69 18 96 19 62 20 95 
1 79 2 44 3 77 4 17 5 27 6 97 7 98 8 9 9 53 10 95 11 98 12 80 13 23 14 57 15 54 16 35 17 13 18 5 19 45 20 56 
1 21 2 44 3 50 4 19 5 57 6 22 7 51 8 23 9 19 10 70 11 6 12 6 13 71 14 96 15 30 16 17 17 43 18 47 19 69 20 78 
1 67 2 13 3 55 4 89 5 92 6 56 7 17 8 6 9 94 10 74 11 45 12 56 13 40 14 79 15 71 16 63 17 3 18 38 19 87 20 47 
1 10 2 36 3 16 4 21 5 33 6 22 7 71 8 85 9 1 10 85 11 34 12 22 13 67 14 12 15 48 16 12 17 37 18 73 19 44 20 72 
1 54 2 8 3 22 4 20 5 87 6 46 7 51 8 82 9 34 10 9 11 80 12 75 13 19 14 92 15 60 16 82 17 91 18 1 19 73 20 14 
1 25 2 13 3 50 4 99 5 68 6 97 7 91 8 82 9 76 10 2 11 38 12 38 13 55 14 74 15 92 16 84 17 44 18 51 19 85 20 67 
1 9 2 63 3 85 4 58 5 49 6 75 7 33 8 67 9 23 10 68 11 42 12 29 13 54 14 80 15 46 16 74 17 42 18 37 19 41 20 13 
1 99 2 37 3 87 4 70 5 60 6 80 7 4 8 38 9 87 10 47 11 15 12 20 13 51 14 38 15 58 16 88 17 70 18 89 19 12 20 27 
1 35 2 81 3 42 4 84 5 35 6 64 7 75 8 69 9 68 10 5 11 8 12 59 13 3 14 40 15 57 16 75 17 73 18 94 19 5 20 1 
1 53 2 88 3 21 4 94 5 32 6 50 7 23 8 31 9 65 10 35 11 85 12 80 13 21 14 18 15 11 16 1 17 1 18 99 19 36 20 29 
1 42 2 36 3 86 4 46 5 89 6 61 7 87 8 88 9 93 10 12 11 12 12 23 13 29 14 37 15 67 16 94 17 55 18 43 19 9 20 39 
1 91 2 18 3 17 4 72 5 57 6 5 7 47 8 68 9 88 10 47 11 29 12 45 13 37 14 32 15 49 16 41 17 22 18 60 19 65 20 29 
1 8 2 44 3 91 4 6 5 77 6 66 7 86 8 90 9 53 10 90 11 22 12 38 13 26 14 69 15 30 16 23 17 33 18 64 19 87 20 99 
1 11 2 78 3 36 4 34 5 39 6 81 7 69 8 24 9 1 10 83 11 74 12 7 13 18 14 3 15 15 16 47 17 67 18 32 19 9 20 78 
1 93 2 42 3 27 4 19 5 85 6 24 7 56 8 29 9 93 10 80 11 46 12 98 13 65 14 2 15 25 16 59 17 37 18 43 19 48 20 87 
1 44 2 2 3 85 4 73 5 88 6 47 7 52 8 28 9 36 10 79 11 23 12 90 13 62 14 56 15 26 16 31 17 77 18 58 19 47 20 88 
1 60 2 89 3 87 4 28 5 3 6 51 7 19 8 18 9 53 10 82 11 5 12 90 13 94 14 76 15 96 16 59 17 4 18 31 19 78 20 70 
1 63 2 1 3 80 4 61 5 45 6 14 7 97 8 56 9 97 10 55 11 76 12 66 13 97 14 7 15 49 16 4 17 39 18 56 19 95 20 5 
1 92 2 31 3 27 4 47 5 56 6 42 7 55 8 27 9 92 10 90 11 64 12 67 13 22 14 85 15 75 16 98 17 38 18 45 19 50 20 83 
1 46 2 82 3 56 4 18 5 99 6 73 7 78 8 63 9 48 10 70 11 23 12 41 13 52 14 83 15 66 16 46 17 54 18 33 19 53 20 72 
1 5 2 30 3 77 4 1 5 3 6 48 7 86 8 23 9 74 10 95 11 87 12 54 13 88 14 44 15 53 16 11 17 9 18 76 19 40 20 57 
1 68 2 72 3 17 4 71 5 8 6 78 7 17 8 3 9 5 10 67 11 30 12 78 13 64 14 25 15 65 16 86 17 91 18 94 19 80 20 5 
1 22 2 28 3 45 4 75 5 28 6 65 7 86 8 26 9 68 10 6 11 1 12 46 13 18 14 75 15 40 16 24 17 67 18 84 19 87 20 77 
1 53 2 25 3 3 4 72 5 93 6 72 7 51 8 61 9 36 10 97 11 26 12 42 13 85 14 59 15 52 16 6 17 55 18 36 19 80 20 41 
1 5 2 28 3 9 4 66 5 21 6 3 7 47 8 78 9 9 10 22 11 12 12 65 13 11 14 34 15 28 16 32 17 12 18 32 19 34 20 10 
1 94 2 79 3 67 4 74 5 76 6 66 7 99 8 64 9 82 10 6 11 60 12 39 13 96 14 51 15 15 16 82 17 87 18 17 19 6 20 40 
1 85 2 3 3 23 4 5 5 98 6 52 7 97 8 89 9 50 10 55 11 11 12 17 13 42 14 97 15 44 16 59 17 20 18 19 19 45 20 83 
1 58 2 1 3 13 4 46 5 22 6 17 7 47 8 92 9 61 10 83 11 16 12 93 13 20 14 75 15 45 16 90 17 65 18 89 19 33 20 40 
1 49 2 79 3 38 4 40 5 15 6 28 7 52 8 3 9 82 10 57 11 2 12 67 13 31 14 74 15 88 16 69 17 46 18 45 19 31 20 81 
1 70 2 53 3 40 4 66 5 91 6 97 7 48 8 78 9 76 10 40 11 12 12 98 13 38 14 55 15 89 16 27 17 85 18 33 19 39 20 52 
1 93 2 83 3 2 4 45 5 75 6 75 7 49 8 3 9 32 10 32 11 50 12 16 13 46 14 7 15 85 16 23 17 9 18 18 19 32 20 72 
1 43 2 74 3 92 4 32 5 59 6 73 7 39 8 50 9 1 10 32 11 24 12 97 13 8 14 1 15 60 16 31 17 92 18 49 19 21 20 65 
1 60 2 3 3 71 4 35 5 50 6 78 7 29 8 5 9 63 10 48 11 21 12 18 13 40 14 87 15 83 16 96 17 88 18 15 19 17 20 18 
1 8 2 62 3 72 4 36 5 65 6 22 7 94 8 31 9 74 10 58 11 46 12 57 13 10 14 2 15 21 16 17 17 16 18 91 19 36 20 67 
1 20 2 70 3 78 4 67 5 97 6 39 7 32 8 12 9 87 10 64 11 65 12 22 13 44 14 2 15 15 16 83 17 56 18 36 19 11 20 99 
1 50 2 7 3 11 4 47 5 58 6 27 7 15 8 8 9 64 10 94 11 31 12 46 13 89 14 45 15 73 16 57 17 90 18 32 19 42 20 89 
Reldue
-1 3051 -1 10
-1 2432 -1 2
-1 2535 -1 1
-1 1912 -1 2
-1 2490 -1 9
-1 2715 -1 1
-1 2917 -1 8
-1 2716 -1 5
-1 1873 -1 1
-1 2441 -1 4
-1 2400 -1 7
-1 2510 -1 2
-1 2921 -1 6
-1 1855 -1 1
-1 2146 -1 1
-1 2112 -1 5
-1 1975 -1 2
-1 1861 -1 6
-1 2145 -1 3
-1 2686 -1 4
-1 2140 -1 4
-1 3022 -1 7
-1 1523 -1 8
-1 2782 -1 6
-1 2288 -1 7
-1 2657 -1 10
-1 1645 -1 5
-1 2536 -1 4
-1 2303 -1 9
-1 1568 -1 10
-1 1913 -1 3
-1 2110 -1 10
-1 1544 -1 7
-1 2486 -1 5
-1 2246 -1 7
-1 2696 -1 8
-1 2997 -1 10
-1 2035 -1 5
-1 1779 -1 5
-1 2914 -1 8
-1 3129 -1 5
-1 1708 -1 1
-1 2634 -1 6
-1 2098 -1 5
-1 1803 -1 6
-1 1753 -1 2
-1 2788 -1 5
-1 2737 -1 5
-1 2283 -1 3
-1 1484 -1 9
LB 2875
