50 20
1 11 2 74 3 85 4 80 5 81 6 63 7 26 8 2 9 76 10 78 11 58 12 27 13 34 14 69 15 34 16 9 17 3 18 77 19 85 20 92 
1 32 2 67 3 6 4 27 5 16 6 90 7 87 8 44 9 70 10 50 11 5 12 63 13 81 14 67 15 67 16 64 17 20 18 86 19 29 20 44 
1 58 2 6 3 51 4 27 5 79 6 41 7 70 8 71 9 91 10 64 11 11 12 68 13 86 14 12 15 2 16 83 17 36 18 23 19 42 20 25 
1 49 2 43 3 68 4 8 5 37 6 76 7 57 8 34 9 77 10 69 11 34 12 16 13 70 14 48 15 22 16 71 17 2 18 10 19 49 20 43 
1 41 2 78 3 74 4 66 5 64 6 83 7 67 8 26 9 22 10 77 11 69 12 30 13 15 14 23 15 4 16 34 17 37 18 25 19 61 20 79 
1 75 2 59 3 21 4 83 5 71 6 29 7 51 8 70 9 35 10 92 11 29 12 77 13 56 14 47 15 93 16 79 17 86 18 64 19 45 20 2 
1 18 2 92 3 8 4 86 5 51 6 89 7 96 8 41 9 78 10 40 11 81 12 77 13 46 14 45 15 80 16 58 17 83 18 33 19 77 20 47 
1 24 2 23 3 49 4 40 5 92 6 38 7 34 8 89 9 42 10 28 11 91 12 23 13 52 14 96 15 72 16 72 17 6 18 68 19 73 20 80 
1 40 2 43 3 6 4 58 5 97 6 24 7 88 8 46 9 32 10 17 11 70 12 36 13 3 14 15 15 21 16 30 17 58 18 1 19 73 20 63 
1 19 2 98 3 87 4 73 5 89 6 74 7 33 8 72 9 17 10 38 11 47 12 90 13 45 14 57 15 46 16 38 17 74 18 61 19 2 20 66 
1 26 2 26 3 38 4 92 5 87 6 85 7 75 8 17 9 69 10 99 11 55 12 96 13 67 14 13 15 50 16 48 17 15 18 95 19 27 20 65 
1 92 2 3 3 3 4 86 5 65 6 40 7 12 8 87 9 39 10 43 11 17 12 10 13 22 14 30 15 64 16 96 17 59 18 25 19 67 20 92 
1 21 2 35 3 42 4 63 5 37 6 64 7 64 8 49 9 6 10 27 11 40 12 87 13 98 14 98 15 34 16 39 17 59 18 25 19 34 20 70 
1 42 2 93 3 14 4 30 5 3 6 83 7 12 8 85 9 59 10 40 11 34 12 22 13 68 14 53 15 32 16 69 17 22 18 7 19 9 20 54 
1 30 2 24 3 60 4 97 5 4 6 53 7 61 8 35 9 8 10 48 11 23 12 1 13 47 14 79 15 25 16 30 17 41 18 59 19 25 20 71 
1 98 2 6 3 12 4 43 5 12 6 45 7 2 8 8 9 8 10 97 11 70 12 64 13 6 14 9 15 46 16 75 17 4 18 37 19 40 20 67 
1 43 2 23 3 82 4 51 5 84 6 84 7 19 8 78 9 48 10 66 11 97 12 70 13 45 14 21 15 17 16 85 17 55 18 50 19 73 20 83 
1 85 2 20 3 28 4 6 5 85 6 61 7 6 8 16 9 38 10 7 11 28 12 80 13 56 14 24 15 84 16 36 17 3 18 99 19 82 20 55 
1 24 2 64 3 59 4 20 5 19 6 72 7 27 8 58 9 28 10 21 11 27 12 81 13 58 14 69 15 65 16 75 17 49 18 20 19 53 20 74 
1 44 2 27 3 55 4 61 5 40 6 49 7 75 8 15 9 88 10 99 11 34 12 82 13 50 14 61 15 79 16 87 17 40 18 48 19 71 20 21 
1 66 2 62 3 58 4 64 5 32 6 91 7 88 8 5 9 76 10 81 11 58 12 39 13 35 14 36 15 18 16 92 17 47 18 67 19 97 20 90 
1 39 2 57 3 36 4 91 5 50 6 27 7 19 8 71 9 73 10 5 11 9 12 63 13 95 14 49 15 2 16 17 17 66 18 10 19 86 20 94 
1 35 2 70 3 12 4 73 5 87 6 56 7 91 8 43 9 47 10 30 11 78 12 74 13 62 14 63 15 75 16 66 17 21 18 86 19 12 20 66 
1 4 2 15 3 92 4 97 5 98 6 92 7 45 8 3 9 9 10 46 11 12 12 33 13 17 14 45 15 55 16 59 17 64 18 83 19 48 20 6 
1 74 2 27 3 54 4 93 5 70 6 53 7 50 8 22 9 16 10 48 11 10 12 36 13 12 14 17 15 97 16 22 17 91 18 91 19 32 20 67 
1 43 2 31 3 45 4 25 5 34 6 70 7 93 8 31 9 64 10 70 11 27 12 64 13 2 14 19 15 86 16 1 17 31 18 72 19 26 20 62 
1 17 2 26 3 68 4 10 5 63 6 36 7 53 8 4 9 29 10 13 11 66 12 91 13 24 14 65 15 92 16 19 17 40 18 83 19 77 20 7 
1 83 2 10 3 41 4 64 5 12 6 84 7 8 8 50 9 41 10 42 11 90 12 94 13 29 14 98 15 15 16 47 17 39 18 4 19 86 20 34 
1 74 2 50 3 36 4 43 5 87 6 84 7 69 8 5 9 31 10 86 11 7 12 49 13 10 14 59 15 18 16 37 17 58 18 90 19 31 20 99 
1 62 2 19 3 81 4 7 5 14 6 96 7 99 8 49 9 65 10 97 11 59 12 74 13 6 14 30 15 32 16 68 17 67 18 28 19 54 20 20 
1 72 2 94 3 28 4 77 5 18 6 14 7 35 8 93 9 9 10 91 11 39 12 83 13 57 14 56 15 77 16 69 17 50 18 88 19 12 20 39 
1 65 2 60 3 64 4 21 5 95 6 50 7 61 8 97 9 6 10 75 11 22 12 33 13 37 14 25 15 40 16 88 17 99 18 78 19 63 20 47 
1 70 2 2 3 53 4 62 5 68 6 6 7 83 8 68 9 43 10 23 11 19 12 29 13 65 14 11 15 85 16 86 17 37 18 68 19 2 20 70 
1 8 2 27 3 62 4 75 5 16 6 57 7 52 8 74 9 40 10 27 11 64 12 52 13 86 14 6 15 53 16 91 17 49 18 99 19 13 20 54 
1 91 2 27 3 38 4 1 5 90 6 45 7 41 8 78 9 78 10 82 11 57 12 99 13 20 14 46 15 54 16 84 17 10 18 96 19 11 20 56 
1 56 2 97 3 71 4 42 5 8 6 90 7 19 8 99 9 38 10 89 11 41 12 75 13 85 14 86 15 87 16 20 17 19 18 62 19 20 20 16 
1 92 2 18 3 34 4 96 5 97 6 9 7 93 8 61 9 70 10 71 11 43 12 98 13 90 14 71 15 62 16 81 17 37 18 25 19 88 20 22 
1 33 2 3 3 26 4 39 5 81 6 7 7 16 8 97 9 7 10 19 11 99 12 21 13 84 14 27 15 4 16 46 17 92 18 36 19 25 20 24 
1 21 2 20 3 48 4 2 5 56 6 41 7 1 8 72 9 38 10 49 11 75 12 22 13 25 14 41 15 50 16 44 17 9 18 19 19 72 20 35 
1 66 2 90 3 95 4 67 5 80 6 90 7 27 8 93 9 73 10 52 11 60 12 56 13 72 14 38 15 40 16 99 17 66 18 41 19 39 20 27 
1 11 2 1 3 74 4 61 5 14 6 7 7 54 8 77 9 73 10 8 11 23 12 20 13 8 14 49 15 40 16 42 17 84 18 80 19 26 20 73 
1 48 2 46 3 78 4 30 5 10 6 88 7 57 8 20 9 8 10 30 11 24 12 36 13 78 14 33 15 31 16 28 17 5 18 50 19 45 20 53 
1 22 2 93 3 77 4 96 5 29 6 10 7 11 8 14 9 84 10 50 11 48 12 83 13 40 14 54 15 85 16 84 17 31 18 61 19 58 20 45 
1 48 2 26 3 83 4 48 5 68 6 53 7 22 8 82 9 31 10 15 11 11 12 22 13 31 14 56 15 30 16 14 17 92 18 65 19 14 20 26 
1 78 2 89 3 74 4 68 5 64 6 95 7 77 8 54 9 25 10 73 11 69 12 69 13 97 14 38 15 79 16 19 17 73 18 52 19 3 20 6 
1 52 2 97 3 70 4 75 5 83 6 37 7 76 8 95 9 76 10 39 11 53 12 82 13 9 14 88 15 78 16 24 17 90 18 86 19 47 20 90 
1 46 2 40 3 11 4 78 5 70 6 86 7 92 8 72 9 97 10 92 11 46 12 93 13 57 14 2 15 73 16 47 17 41 18 3 19 14 20 12 
1 96 2 59 3 65 4 77 5 37 6 9 7 29 8 24 9 46 10 3 11 22 12 90 13 44 14 96 15 4 16 22 17 50 18 28 19 85 20 54 
1 47 2 77 3 1 4 83 5 24 6 45 7 80 8 64 9 1 10 58 11 46 12 19 13 53 14 79 15 35 16 58 17 91 18 39 19 42 20 25 
1 94 2 20 3 1 4 30 5 81 6 92 7 97 8 60 9 3 10 86 11 54 12 93 13 99 14 88 15 41 16 24 17 54 18 13 19 45 20 84 
Reldue
-1 2578 -1 10
-1 1491 -1 7
-1 1835 -1 5
-1 2376 -1 1
-1 1746 -1 3
-1 2324 -1 4
-1 3084 -1 1
-1 1855 -1 6
-1 1916 -1 7
-1 2880 -1 10
-1 2033 -1 9
-1 2531 -1 7
-1 2346 -1 5
-1 1686 -1 2
-1 2660 -1 5
-1 2089 -1 9
-1 2873 -1 8
-1 2312 -1 3
-1 2284 -1 10
-1 3088 -1 10
-1 2117 -1 3
-1 3171 -1 5
-1 3125 -1 7
-1 2922 -1 4
-1 2786 -1 8
-1 3069 -1 7
-1 1454 -1 1
-1 3175 -1 9
-1 2061 -1 9
-1 2663 -1 7
-1 1475 -1 7
-1 1715 -1 2
-1 1553 -1 2
-1 3045 -1 6
-1 2858 -1 1
-1 2138 -1 5
-1 2330 -1 6
-1 1523 -1 1
-1 2533 -1 7
-1 1649 -1 1
-1 2784 -1 1
-1 2252 -1 7
-1 2449 -1 10
-1 3121 -1 3
-1 1661 -1 6
-1 1727 -1 7
-1 3122 -1 6
-1 3009 -1 9
-1 2536 -1 10
-1 1527 -1 7
LB 2892
