50 20
1 89 2 13 3 23 4 72 5 29 6 11 7 81 8 62 9 27 10 26 11 88 12 33 13 5 14 78 15 11 16 11 17 1 18 87 19 85 20 6 
1 38 2 42 3 68 4 80 5 69 6 78 7 46 8 18 9 1 10 32 11 10 12 60 13 28 14 91 15 44 16 2 17 72 18 64 19 11 20 46 
1 31 2 20 3 66 4 58 5 76 6 78 7 82 8 14 9 57 10 80 11 42 12 22 13 14 14 68 15 62 16 75 17 58 18 79 19 93 20 61 
1 10 2 79 3 5 4 51 5 17 6 53 7 2 8 12 9 4 10 98 11 13 12 29 13 86 14 18 15 84 16 49 17 36 18 33 19 82 20 11 
1 53 2 63 3 86 4 53 5 68 6 57 7 49 8 73 9 53 10 87 11 87 12 57 13 13 14 51 15 60 16 77 17 56 18 34 19 81 20 64 
1 5 2 76 3 96 4 57 5 27 6 50 7 29 8 39 9 9 10 99 11 29 12 66 13 80 14 35 15 1 16 91 17 49 18 28 19 44 20 44 
1 68 2 20 3 20 4 92 5 79 6 39 7 75 8 79 9 30 10 43 11 35 12 35 13 79 14 37 15 72 16 40 17 23 18 74 19 31 20 84 
1 73 2 93 3 22 4 83 5 62 6 3 7 68 8 84 9 37 10 56 11 37 12 54 13 40 14 10 15 20 16 29 17 69 18 68 19 90 20 93 
1 38 2 51 3 47 4 94 5 64 6 8 7 1 8 59 9 54 10 49 11 85 12 5 13 79 14 90 15 82 16 33 17 31 18 72 19 32 20 96 
1 47 2 42 3 55 4 87 5 15 6 83 7 91 8 2 9 94 10 88 11 58 12 91 13 50 14 35 15 49 16 11 17 78 18 36 19 28 20 90 
1 32 2 8 3 81 4 94 5 52 6 64 7 87 8 60 9 17 10 27 11 48 12 31 13 77 14 66 15 7 16 96 17 1 18 73 19 72 20 44 
1 19 2 35 3 72 4 37 5 91 6 35 7 99 8 72 9 58 10 84 11 74 12 97 13 77 14 48 15 77 16 25 17 20 18 84 19 16 20 40 
1 47 2 59 3 42 4 30 5 17 6 55 7 41 8 68 9 73 10 44 11 97 12 8 13 77 14 18 15 40 16 73 17 54 18 2 19 5 20 42 
1 40 2 12 3 21 4 8 5 66 6 77 7 65 8 34 9 30 10 69 11 65 12 12 13 43 14 20 15 67 16 51 17 67 18 42 19 65 20 65 
1 88 2 9 3 1 4 82 5 65 6 65 7 89 8 43 9 77 10 58 11 75 12 39 13 96 14 24 15 16 16 1 17 55 18 69 19 57 20 89 
1 64 2 48 3 27 4 55 5 47 6 31 7 49 8 19 9 72 10 57 11 87 12 25 13 52 14 41 15 80 16 67 17 62 18 97 19 19 20 30 
1 80 2 12 3 95 4 65 5 17 6 22 7 96 8 95 9 18 10 18 11 57 12 16 13 29 14 30 15 25 16 36 17 68 18 47 19 54 20 84 
1 76 2 41 3 18 4 12 5 31 6 12 7 30 8 55 9 44 10 92 11 25 12 6 13 96 14 32 15 98 16 49 17 63 18 27 19 40 20 13 
1 98 2 17 3 8 4 4 5 87 6 28 7 71 8 76 9 41 10 86 11 47 12 4 13 32 14 64 15 80 16 62 17 9 18 40 19 95 20 17 
1 57 2 11 3 86 4 30 5 67 6 95 7 43 8 23 9 53 10 78 11 81 12 63 13 20 14 88 15 97 16 75 17 17 18 83 19 22 20 14 
1 63 2 44 3 4 4 88 5 63 6 90 7 7 8 80 9 12 10 68 11 69 12 46 13 82 14 68 15 9 16 3 17 4 18 87 19 87 20 60 
1 88 2 18 3 80 4 80 5 24 6 28 7 85 8 83 9 12 10 75 11 83 12 76 13 36 14 23 15 49 16 30 17 87 18 92 19 94 20 92 
1 77 2 16 3 57 4 43 5 19 6 94 7 5 8 1 9 47 10 46 11 83 12 50 13 96 14 16 15 17 16 61 17 29 18 91 19 93 20 99 
1 87 2 29 3 98 4 38 5 78 6 50 7 86 8 96 9 54 10 92 11 2 12 69 13 63 14 47 15 49 16 61 17 31 18 19 19 48 20 79 
1 6 2 16 3 70 4 24 5 64 6 35 7 30 8 92 9 56 10 89 11 73 12 35 13 70 14 60 15 7 16 7 17 18 18 3 19 64 20 94 
1 68 2 44 3 24 4 11 5 98 6 20 7 81 8 84 9 30 10 70 11 30 12 44 13 20 14 16 15 66 16 16 17 23 18 40 19 22 20 53 
1 3 2 8 3 14 4 29 5 19 6 61 7 11 8 8 9 17 10 67 11 78 12 47 13 76 14 17 15 22 16 27 17 87 18 18 19 50 20 31 
1 74 2 72 3 16 4 3 5 41 6 60 7 26 8 29 9 44 10 43 11 63 12 5 13 48 14 12 15 45 16 38 17 43 18 95 19 22 20 82 
1 36 2 86 3 4 4 46 5 98 6 15 7 12 8 38 9 71 10 98 11 47 12 16 13 33 14 34 15 22 16 71 17 64 18 83 19 29 20 47 
1 15 2 32 3 71 4 20 5 36 6 37 7 78 8 99 9 72 10 58 11 51 12 50 13 9 14 55 15 40 16 80 17 12 18 29 19 68 20 86 
1 31 2 91 3 17 4 1 5 99 6 20 7 54 8 70 9 99 10 51 11 47 12 75 13 41 14 87 15 42 16 67 17 42 18 14 19 36 20 14 
1 39 2 44 3 29 4 64 5 44 6 79 7 30 8 17 9 41 10 70 11 35 12 12 13 75 14 76 15 89 16 97 17 39 18 89 19 93 20 74 
1 47 2 3 3 47 4 13 5 90 6 75 7 74 8 53 9 18 10 58 11 64 12 48 13 93 14 14 15 68 16 6 17 62 18 21 19 19 20 63 
1 89 2 7 3 5 4 61 5 93 6 82 7 88 8 77 9 73 10 91 11 75 12 29 13 11 14 11 15 29 16 42 17 79 18 38 19 69 20 15 
1 50 2 40 3 63 4 36 5 12 6 73 7 49 8 35 9 83 10 6 11 86 12 65 13 26 14 61 15 58 16 64 17 67 18 28 19 74 20 87 
1 48 2 55 3 29 4 93 5 68 6 36 7 32 8 30 9 53 10 3 11 18 12 1 13 25 14 92 15 48 16 23 17 8 18 81 19 84 20 67 
1 15 2 64 3 71 4 28 5 85 6 61 7 42 8 84 9 49 10 63 11 86 12 34 13 58 14 69 15 96 16 74 17 4 18 41 19 49 20 75 
1 9 2 75 3 11 4 92 5 52 6 82 7 87 8 47 9 98 10 73 11 87 12 36 13 99 14 13 15 77 16 52 17 38 18 33 19 68 20 87 
1 49 2 32 3 69 4 33 5 25 6 28 7 15 8 33 9 11 10 55 11 71 12 57 13 33 14 92 15 11 16 36 17 74 18 36 19 68 20 65 
1 67 2 23 3 96 4 65 5 44 6 53 7 66 8 50 9 94 10 93 11 89 12 97 13 7 14 55 15 13 16 35 17 85 18 8 19 90 20 48 
1 88 2 97 3 91 4 33 5 49 6 11 7 64 8 84 9 71 10 22 11 57 12 44 13 74 14 44 15 64 16 81 17 13 18 85 19 41 20 22 
1 68 2 61 3 49 4 22 5 78 6 59 7 16 8 91 9 70 10 33 11 24 12 83 13 48 14 74 15 15 16 32 17 79 18 79 19 51 20 67 
1 29 2 57 3 11 4 49 5 43 6 11 7 39 8 2 9 49 10 37 11 38 12 43 13 24 14 86 15 1 16 25 17 3 18 16 19 67 20 6 
1 4 2 11 3 32 4 1 5 10 6 82 7 22 8 77 9 67 10 92 11 59 12 97 13 72 14 5 15 8 16 63 17 90 18 95 19 12 20 23 
1 1 2 51 3 37 4 39 5 16 6 56 7 70 8 11 9 87 10 50 11 79 12 39 13 31 14 15 15 70 16 74 17 42 18 87 19 33 20 4 
1 61 2 7 3 1 4 71 5 63 6 47 7 1 8 75 9 96 10 11 11 18 12 53 13 91 14 76 15 52 16 19 17 84 18 81 19 23 20 53 
1 87 2 67 3 95 4 60 5 32 6 35 7 23 8 49 9 78 10 56 11 19 12 40 13 1 14 48 15 89 16 35 17 77 18 14 19 42 20 27 
1 51 2 61 3 13 4 65 5 81 6 99 7 54 8 26 9 80 10 56 11 6 12 88 13 63 14 20 15 56 16 84 17 52 18 48 19 21 20 36 
1 42 2 35 3 5 4 56 5 33 6 94 7 96 8 24 9 16 10 87 11 37 12 53 13 40 14 86 15 67 16 35 17 49 18 85 19 68 20 48 
1 60 2 19 3 77 4 58 5 37 6 28 7 74 8 6 9 80 10 4 11 13 12 59 13 70 14 3 15 37 16 84 17 97 18 60 19 17 20 57 
Reldue
-1 3208 -1 9
-1 2879 -1 8
-1 2780 -1 1
-1 1593 -1 6
-1 2298 -1 5
-1 3116 -1 10
-1 2185 -1 9
-1 2056 -1 8
-1 2641 -1 1
-1 1644 -1 8
-1 2495 -1 6
-1 2554 -1 10
-1 2436 -1 2
-1 1930 -1 9
-1 2424 -1 5
-1 2059 -1 8
-1 2374 -1 1
-1 3095 -1 2
-1 1819 -1 9
-1 3163 -1 10
-1 3147 -1 4
-1 2840 -1 1
-1 2305 -1 3
-1 3172 -1 9
-1 3100 -1 10
-1 3140 -1 5
-1 2796 -1 3
-1 2388 -1 9
-1 1639 -1 9
-1 2004 -1 4
-1 3069 -1 3
-1 2058 -1 1
-1 3062 -1 2
-1 1590 -1 6
-1 2865 -1 7
-1 2989 -1 4
-1 2459 -1 6
-1 1500 -1 2
-1 2768 -1 7
-1 2316 -1 3
-1 1679 -1 8
-1 3076 -1 2
-1 1884 -1 7
-1 3224 -1 5
-1 2833 -1 9
-1 1978 -1 3
-1 2119 -1 4
-1 2991 -1 2
-1 2585 -1 1
-1 1854 -1 10
LB 2988
