50 20
1 47 2 56 3 70 4 2 5 88 6 73 7 51 8 10 9 59 10 95 11 56 12 56 13 58 14 37 15 51 16 45 17 39 18 53 19 4 20 1 
1 56 2 22 3 22 4 74 5 39 6 57 7 67 8 47 9 31 10 9 11 50 12 67 13 59 14 88 15 33 16 41 17 43 18 46 19 34 20 33 
1 29 2 4 3 80 4 99 5 96 6 58 7 51 8 18 9 82 10 90 11 74 12 60 13 49 14 77 15 24 16 95 17 23 18 68 19 63 20 63 
1 76 2 24 3 57 4 71 5 72 6 74 7 83 8 56 9 54 10 86 11 95 12 80 13 37 14 92 15 60 16 52 17 9 18 38 19 73 20 60 
1 55 2 97 3 31 4 5 5 55 6 76 7 9 8 32 9 41 10 18 11 79 12 10 13 54 14 69 15 63 16 60 17 4 18 5 19 40 20 55 
1 71 2 41 3 97 4 68 5 54 6 23 7 18 8 28 9 98 10 61 11 44 12 87 13 16 14 14 15 1 16 11 17 8 18 64 19 80 20 60 
1 53 2 53 3 65 4 88 5 98 6 47 7 43 8 50 9 32 10 36 11 31 12 66 13 4 14 87 15 75 16 21 17 81 18 8 19 52 20 11 
1 42 2 87 3 16 4 42 5 4 6 75 7 99 8 24 9 8 10 53 11 29 12 76 13 65 14 38 15 33 16 26 17 38 18 6 19 74 20 75 
1 25 2 30 3 94 4 37 5 62 6 3 7 20 8 81 9 23 10 29 11 77 12 17 13 52 14 77 15 77 16 28 17 41 18 39 19 80 20 91 
1 52 2 63 3 8 4 28 5 90 6 78 7 50 8 5 9 4 10 13 11 97 12 27 13 71 14 82 15 58 16 36 17 82 18 51 19 16 20 80 
1 36 2 35 3 29 4 77 5 91 6 54 7 3 8 24 9 80 10 22 11 38 12 91 13 74 14 90 15 9 16 63 17 45 18 30 19 54 20 21 
1 55 2 67 3 83 4 66 5 20 6 56 7 96 8 21 9 49 10 24 11 20 12 41 13 79 14 78 15 50 16 38 17 5 18 20 19 58 20 16 
1 38 2 31 3 55 4 55 5 30 6 81 7 38 8 30 9 3 10 29 11 97 12 96 13 70 14 6 15 72 16 9 17 43 18 96 19 42 20 58 
1 17 2 20 3 8 4 49 5 21 6 40 7 72 8 76 9 18 10 68 11 49 12 40 13 77 14 60 15 31 16 66 17 32 18 70 19 29 20 92 
1 90 2 68 3 80 4 29 5 17 6 10 7 88 8 87 9 40 10 80 11 28 12 58 13 55 14 59 15 91 16 72 17 3 18 8 19 76 20 42 
1 47 2 50 3 3 4 95 5 74 6 23 7 89 8 24 9 70 10 41 11 34 12 94 13 99 14 4 15 17 16 86 17 39 18 46 19 1 20 90 
1 70 2 22 3 20 4 22 5 29 6 11 7 32 8 42 9 13 10 66 11 61 12 98 13 10 14 11 15 64 16 59 17 29 18 42 19 2 20 97 
1 44 2 55 3 28 4 49 5 19 6 57 7 80 8 13 9 74 10 17 11 83 12 43 13 66 14 38 15 77 16 78 17 84 18 70 19 24 20 45 
1 43 2 44 3 23 4 57 5 46 6 68 7 71 8 11 9 11 10 37 11 35 12 9 13 59 14 72 15 39 16 77 17 3 18 63 19 73 20 35 
1 50 2 49 3 85 4 92 5 97 6 94 7 40 8 26 9 96 10 17 11 51 12 29 13 84 14 78 15 17 16 1 17 92 18 98 19 14 20 92 
1 88 2 89 3 83 4 77 5 25 6 84 7 23 8 94 9 37 10 42 11 92 12 25 13 79 14 17 15 78 16 75 17 21 18 34 19 86 20 44 
1 22 2 36 3 80 4 77 5 62 6 58 7 68 8 2 9 38 10 98 11 24 12 85 13 95 14 93 15 24 16 57 17 14 18 2 19 89 20 61 
1 23 2 47 3 30 4 17 5 1 6 86 7 29 8 74 9 74 10 5 11 22 12 91 13 42 14 41 15 84 16 88 17 33 18 1 19 40 20 88 
1 15 2 81 3 29 4 46 5 61 6 43 7 27 8 15 9 65 10 61 11 33 12 64 13 92 14 86 15 88 16 7 17 39 18 10 19 38 20 35 
1 46 2 79 3 79 4 61 5 25 6 69 7 6 8 22 9 20 10 83 11 78 12 63 13 47 14 99 15 10 16 56 17 45 18 78 19 65 20 48 
1 96 2 46 3 2 4 58 5 77 6 84 7 83 8 34 9 41 10 64 11 5 12 5 13 7 14 19 15 80 16 41 17 89 18 62 19 15 20 2 
1 31 2 87 3 3 4 53 5 17 6 15 7 8 8 24 9 58 10 16 11 33 12 61 13 88 14 13 15 26 16 18 17 74 18 76 19 60 20 1 
1 20 2 52 3 17 4 14 5 93 6 3 7 78 8 15 9 13 10 2 11 16 12 74 13 73 14 88 15 50 16 25 17 61 18 99 19 24 20 94 
1 64 2 14 3 6 4 40 5 22 6 7 7 75 8 49 9 8 10 4 11 53 12 97 13 47 14 75 15 75 16 17 17 50 18 33 19 60 20 47 
1 5 2 4 3 4 4 89 5 69 6 48 7 48 8 51 9 73 10 21 11 70 12 69 13 11 14 18 15 95 16 70 17 93 18 6 19 50 20 55 
1 42 2 76 3 42 4 23 5 20 6 72 7 94 8 56 9 87 10 14 11 26 12 39 13 43 14 62 15 42 16 95 17 19 18 47 19 15 20 98 
1 12 2 4 3 72 4 79 5 13 6 8 7 82 8 87 9 81 10 80 11 65 12 11 13 32 14 46 15 40 16 85 17 96 18 49 19 30 20 44 
1 72 2 1 3 9 4 85 5 81 6 46 7 96 8 58 9 39 10 91 11 55 12 25 13 53 14 68 15 45 16 83 17 58 18 15 19 9 20 50 
1 7 2 92 3 8 4 61 5 4 6 8 7 25 8 76 9 91 10 65 11 81 12 60 13 33 14 4 15 16 16 40 17 81 18 32 19 40 20 65 
1 32 2 86 3 63 4 17 5 22 6 71 7 6 8 80 9 83 10 66 11 1 12 55 13 31 14 53 15 36 16 81 17 96 18 55 19 47 20 56 
1 58 2 3 3 89 4 87 5 92 6 42 7 83 8 94 9 70 10 95 11 57 12 57 13 9 14 12 15 86 16 40 17 23 18 69 19 98 20 72 
1 69 2 38 3 10 4 72 5 36 6 95 7 29 8 84 9 40 10 71 11 9 12 51 13 33 14 62 15 15 16 45 17 86 18 11 19 27 20 54 
1 2 2 89 3 72 4 54 5 32 6 33 7 84 8 81 9 74 10 94 11 93 12 39 13 87 14 46 15 91 16 16 17 71 18 83 19 73 20 93 
1 8 2 41 3 10 4 32 5 17 6 4 7 9 8 27 9 72 10 83 11 88 12 44 13 38 14 56 15 67 16 2 17 49 18 43 19 22 20 16 
1 31 2 33 3 76 4 46 5 15 6 72 7 29 8 90 9 22 10 97 11 48 12 19 13 87 14 76 15 34 16 9 17 53 18 82 19 18 20 67 
1 53 2 63 3 52 4 8 5 82 6 35 7 5 8 69 9 12 10 62 11 53 12 6 13 98 14 77 15 66 16 48 17 9 18 14 19 79 20 95 
1 14 2 34 3 79 4 74 5 63 6 85 7 40 8 50 9 85 10 29 11 74 12 35 13 7 14 8 15 69 16 37 17 9 18 41 19 11 20 93 
1 61 2 7 3 76 4 79 5 86 6 30 7 30 8 1 9 70 10 54 11 12 12 15 13 14 14 55 15 88 16 19 17 35 18 15 19 84 20 82 
1 85 2 59 3 75 4 72 5 24 6 35 7 6 8 26 9 53 10 31 11 78 12 11 13 87 14 17 15 80 16 2 17 51 18 14 19 39 20 87 
1 86 2 23 3 98 4 80 5 22 6 85 7 84 8 10 9 78 10 47 11 33 12 91 13 62 14 70 15 7 16 66 17 74 18 57 19 49 20 94 
1 42 2 19 3 29 4 99 5 32 6 28 7 70 8 16 9 50 10 49 11 43 12 37 13 67 14 72 15 12 16 15 17 68 18 28 19 43 20 32 
1 19 2 43 3 75 4 68 5 56 6 74 7 14 8 75 9 62 10 40 11 4 12 1 13 50 14 95 15 8 16 81 17 11 18 53 19 99 20 76 
1 97 2 36 3 20 4 71 5 2 6 23 7 69 8 52 9 14 10 28 11 43 12 30 13 88 14 75 15 22 16 35 17 84 18 67 19 31 20 78 
1 22 2 67 3 19 4 4 5 7 6 54 7 90 8 97 9 70 10 76 11 8 12 82 13 26 14 76 15 68 16 12 17 92 18 55 19 74 20 17 
1 3 2 52 3 49 4 83 5 26 6 18 7 21 8 56 9 96 10 23 11 88 12 57 13 34 14 62 15 74 16 19 17 66 18 29 19 47 20 85 
Reldue
-1 2856 -1 10
-1 2981 -1 6
-1 2676 -1 4
-1 2259 -1 9
-1 1914 -1 3
-1 1769 -1 3
-1 3221 -1 3
-1 3221 -1 7
-1 2161 -1 10
-1 1675 -1 9
-1 2897 -1 9
-1 1523 -1 9
-1 2172 -1 9
-1 2772 -1 9
-1 2419 -1 8
-1 2120 -1 3
-1 2721 -1 10
-1 2796 -1 9
-1 2977 -1 4
-1 3008 -1 2
-1 1684 -1 8
-1 1950 -1 6
-1 3189 -1 10
-1 2741 -1 10
-1 1641 -1 6
-1 1691 -1 7
-1 1836 -1 2
-1 1851 -1 6
-1 2335 -1 9
-1 2749 -1 7
-1 1822 -1 7
-1 1796 -1 5
-1 1976 -1 6
-1 3137 -1 5
-1 2447 -1 3
-1 3035 -1 1
-1 2109 -1 6
-1 2950 -1 5
-1 1591 -1 10
-1 2849 -1 9
-1 2799 -1 2
-1 3141 -1 9
-1 2831 -1 10
-1 1581 -1 5
-1 2263 -1 2
-1 2949 -1 3
-1 2868 -1 2
-1 2382 -1 5
-1 1755 -1 2
-1 2995 -1 10
LB 2946
