50 20
1 38 2 38 3 46 4 46 5 13 6 24 7 3 8 54 9 18 10 47 11 4 12 42 13 8 14 66 15 50 16 46 17 62 18 36 19 19 20 19 
1 77 2 17 3 7 4 63 5 28 6 47 7 46 8 65 9 63 10 12 11 16 12 24 13 14 14 51 15 34 16 56 17 29 18 59 19 92 20 79 
1 58 2 76 3 96 4 45 5 38 6 76 7 58 8 40 9 10 10 34 11 48 12 40 13 37 14 23 15 41 16 26 17 55 18 70 19 91 20 27 
1 79 2 92 3 20 4 31 5 50 6 94 7 53 8 45 9 62 10 35 11 80 12 44 13 29 14 61 15 77 16 52 17 42 18 57 19 17 20 40 
1 34 2 10 3 12 4 93 5 5 6 99 7 29 8 11 9 80 10 18 11 59 12 10 13 46 14 72 15 49 16 56 17 81 18 20 19 46 20 32 
1 24 2 12 3 30 4 45 5 30 6 20 7 77 8 52 9 86 10 56 11 53 12 24 13 62 14 7 15 40 16 99 17 75 18 31 19 45 20 84 
1 99 2 48 3 79 4 14 5 8 6 16 7 94 8 90 9 91 10 20 11 23 12 36 13 71 14 5 15 77 16 83 17 23 18 67 19 92 20 42 
1 77 2 94 3 52 4 33 5 15 6 57 7 90 8 83 9 82 10 24 11 74 12 54 13 98 14 95 15 69 16 87 17 57 18 92 19 39 20 17 
1 33 2 32 3 67 4 23 5 43 6 83 7 73 8 70 9 85 10 10 11 3 12 8 13 92 14 50 15 4 16 13 17 23 18 1 19 82 20 18 
1 20 2 62 3 6 4 62 5 7 6 6 7 5 8 80 9 66 10 90 11 69 12 76 13 66 14 44 15 38 16 15 17 16 18 56 19 90 20 48 
1 11 2 20 3 92 4 67 5 97 6 46 7 26 8 4 9 37 10 50 11 33 12 16 13 87 14 6 15 48 16 34 17 48 18 48 19 51 20 63 
1 51 2 55 3 72 4 53 5 22 6 37 7 89 8 12 9 11 10 32 11 60 12 46 13 30 14 38 15 29 16 69 17 7 18 24 19 42 20 57 
1 25 2 49 3 10 4 24 5 45 6 67 7 31 8 47 9 38 10 92 11 45 12 8 13 63 14 53 15 96 16 89 17 6 18 32 19 31 20 49 
1 59 2 98 3 35 4 55 5 16 6 73 7 55 8 13 9 72 10 20 11 25 12 27 13 86 14 52 15 7 16 33 17 7 18 95 19 99 20 8 
1 96 2 31 3 42 4 9 5 45 6 40 7 83 8 19 9 25 10 37 11 29 12 53 13 57 14 56 15 46 16 89 17 85 18 41 19 59 20 58 
1 82 2 64 3 30 4 31 5 84 6 96 7 17 8 72 9 87 10 72 11 92 12 43 13 3 14 79 15 58 16 84 17 69 18 2 19 48 20 65 
1 41 2 57 3 21 4 41 5 3 6 72 7 78 8 95 9 12 10 45 11 51 12 72 13 67 14 10 15 21 16 29 17 66 18 38 19 81 20 73 
1 94 2 69 3 62 4 58 5 82 6 20 7 43 8 65 9 17 10 66 11 64 12 9 13 16 14 84 15 82 16 21 17 92 18 95 19 97 20 25 
1 24 2 26 3 7 4 98 5 84 6 19 7 94 8 18 9 33 10 7 11 81 12 92 13 60 14 13 15 15 16 52 17 3 18 62 19 60 20 83 
1 22 2 2 3 76 4 48 5 19 6 52 7 80 8 69 9 54 10 64 11 9 12 13 13 83 14 16 15 82 16 21 17 65 18 58 19 59 20 31 
1 43 2 64 3 33 4 78 5 17 6 79 7 96 8 50 9 35 10 14 11 82 12 87 13 47 14 83 15 11 16 94 17 15 18 77 19 47 20 57 
1 13 2 87 3 52 4 11 5 52 6 15 7 69 8 71 9 50 10 48 11 73 12 36 13 52 14 12 15 12 16 12 17 54 18 20 19 88 20 28 
1 19 2 39 3 45 4 60 5 64 6 67 7 42 8 44 9 4 10 79 11 58 12 65 13 40 14 11 15 69 16 51 17 46 18 41 19 71 20 52 
1 26 2 43 3 31 4 11 5 35 6 18 7 16 8 71 9 7 10 76 11 21 12 2 13 95 14 77 15 66 16 54 17 65 18 70 19 45 20 44 
1 98 2 96 3 7 4 3 5 75 6 18 7 69 8 81 9 15 10 12 11 34 12 34 13 18 14 81 15 44 16 63 17 2 18 56 19 43 20 42 
1 89 2 76 3 64 4 40 5 29 6 97 7 77 8 74 9 9 10 36 11 39 12 39 13 21 14 69 15 15 16 78 17 95 18 17 19 34 20 45 
1 9 2 17 3 76 4 5 5 82 6 83 7 93 8 12 9 94 10 37 11 84 12 86 13 49 14 14 15 69 16 20 17 27 18 65 19 84 20 27 
1 35 2 33 3 51 4 26 5 5 6 59 7 80 8 98 9 18 10 27 11 43 12 17 13 59 14 65 15 27 16 29 17 56 18 61 19 16 20 87 
1 15 2 24 3 19 4 32 5 90 6 14 7 34 8 78 9 60 10 59 11 41 12 34 13 58 14 55 15 71 16 42 17 35 18 34 19 22 20 87 
1 17 2 40 3 41 4 94 5 41 6 37 7 65 8 70 9 74 10 24 11 41 12 42 13 66 14 49 15 83 16 63 17 91 18 82 19 84 20 28 
1 20 2 84 3 32 4 52 5 62 6 44 7 50 8 32 9 55 10 61 11 98 12 1 13 90 14 36 15 35 16 88 17 64 18 16 19 84 20 84 
1 14 2 60 3 20 4 34 5 38 6 47 7 50 8 21 9 65 10 58 11 54 12 44 13 32 14 16 15 30 16 56 17 87 18 66 19 79 20 29 
1 15 2 24 3 96 4 45 5 65 6 27 7 60 8 85 9 84 10 58 11 99 12 90 13 23 14 45 15 88 16 15 17 49 18 15 19 1 20 65 
1 3 2 8 3 50 4 51 5 55 6 91 7 29 8 78 9 52 10 45 11 89 12 35 13 98 14 25 15 51 16 4 17 61 18 78 19 83 20 86 
1 17 2 63 3 30 4 68 5 67 6 14 7 67 8 66 9 57 10 46 11 60 12 39 13 19 14 27 15 49 16 97 17 66 18 98 19 29 20 37 
1 76 2 67 3 2 4 7 5 37 6 68 7 45 8 19 9 98 10 55 11 60 12 91 13 61 14 4 15 12 16 64 17 18 18 3 19 42 20 18 
1 80 2 82 3 23 4 28 5 20 6 25 7 58 8 40 9 36 10 11 11 99 12 51 13 89 14 28 15 30 16 74 17 27 18 61 19 68 20 52 
1 99 2 88 3 87 4 73 5 86 6 23 7 97 8 84 9 39 10 52 11 4 12 55 13 30 14 17 15 15 16 49 17 27 18 16 19 10 20 55 
1 85 2 26 3 56 4 94 5 81 6 52 7 20 8 60 9 30 10 98 11 64 12 11 13 25 14 42 15 22 16 32 17 92 18 73 19 58 20 57 
1 70 2 9 3 41 4 9 5 32 6 38 7 60 8 19 9 2 10 28 11 38 12 97 13 63 14 54 15 94 16 41 17 60 18 66 19 25 20 91 
1 49 2 54 3 41 4 61 5 18 6 63 7 64 8 50 9 31 10 61 11 97 12 24 13 48 14 28 15 17 16 23 17 12 18 57 19 16 20 8 
1 59 2 47 3 38 4 26 5 31 6 77 7 51 8 25 9 33 10 24 11 78 12 62 13 80 14 34 15 6 16 92 17 95 18 30 19 24 20 17 
1 84 2 24 3 77 4 97 5 6 6 48 7 18 8 16 9 39 10 79 11 30 12 68 13 76 14 71 15 63 16 49 17 71 18 29 19 97 20 31 
1 41 2 47 3 65 4 46 5 37 6 73 7 15 8 13 9 2 10 76 11 38 12 9 13 15 14 93 15 17 16 43 17 62 18 36 19 21 20 18 
1 38 2 89 3 78 4 8 5 46 6 76 7 85 8 19 9 42 10 7 11 63 12 64 13 75 14 6 15 26 16 65 17 78 18 70 19 91 20 31 
1 31 2 23 3 10 4 13 5 42 6 62 7 25 8 32 9 8 10 43 11 44 12 62 13 67 14 16 15 75 16 69 17 39 18 64 19 14 20 51 
1 25 2 18 3 36 4 11 5 12 6 72 7 86 8 14 9 29 10 18 11 40 12 91 13 24 14 95 15 34 16 56 17 75 18 36 19 39 20 96 
1 77 2 37 3 40 4 21 5 13 6 50 7 73 8 20 9 39 10 80 11 50 12 21 13 77 14 6 15 28 16 27 17 9 18 7 19 33 20 35 
1 94 2 55 3 68 4 65 5 8 6 46 7 86 8 95 9 26 10 92 11 94 12 6 13 93 14 29 15 10 16 76 17 95 18 26 19 12 20 61 
1 47 2 91 3 39 4 36 5 69 6 15 7 2 8 61 9 2 10 81 11 54 12 3 13 87 14 40 15 75 16 64 17 94 18 82 19 68 20 31 
Reldue
-1 2196 -1 8
-1 2826 -1 2
-1 2198 -1 3
-1 1503 -1 6
-1 2747 -1 3
-1 2067 -1 1
-1 2085 -1 5
-1 2601 -1 5
-1 1824 -1 1
-1 1909 -1 6
-1 2513 -1 4
-1 2867 -1 10
-1 2547 -1 7
-1 1983 -1 6
-1 2767 -1 3
-1 2304 -1 8
-1 2613 -1 7
-1 2972 -1 1
-1 2179 -1 3
-1 2760 -1 6
-1 2760 -1 2
-1 2941 -1 2
-1 2721 -1 1
-1 2833 -1 10
-1 2932 -1 9
-1 2395 -1 3
-1 2450 -1 6
-1 2778 -1 1
-1 2248 -1 7
-1 2101 -1 3
-1 1786 -1 5
-1 1957 -1 7
-1 2559 -1 2
-1 1907 -1 5
-1 2226 -1 7
-1 2425 -1 5
-1 1935 -1 7
-1 1892 -1 7
-1 2507 -1 8
-1 1608 -1 5
-1 2263 -1 7
-1 2554 -1 3
-1 2986 -1 9
-1 2067 -1 2
-1 2911 -1 2
-1 2762 -1 2
-1 1798 -1 10
-1 1445 -1 5
-1 2019 -1 3
-1 2631 -1 8
LB 2806
