50 20
1 83 2 49 3 75 4 17 5 99 6 26 7 59 8 27 9 67 10 47 11 55 12 78 13 75 14 74 15 76 16 53 17 3 18 33 19 20 20 22 
1 20 2 12 3 87 4 76 5 2 6 19 7 25 8 29 9 12 10 41 11 77 12 59 13 23 14 35 15 53 16 6 17 52 18 89 19 86 20 50 
1 25 2 46 3 72 4 8 5 7 6 80 7 87 8 39 9 84 10 11 11 25 12 23 13 62 14 63 15 37 16 95 17 20 18 6 19 1 20 86 
1 48 2 90 3 46 4 42 5 3 6 82 7 29 8 60 9 73 10 38 11 14 12 48 13 6 14 60 15 26 16 66 17 17 18 27 19 72 20 60 
1 27 2 54 3 37 4 23 5 98 6 68 7 58 8 51 9 36 10 21 11 49 12 37 13 61 14 63 15 5 16 92 17 7 18 62 19 84 20 44 
1 4 2 26 3 17 4 37 5 30 6 26 7 10 8 51 9 67 10 83 11 74 12 29 13 40 14 25 15 64 16 75 17 29 18 56 19 57 20 92 
1 48 2 77 3 49 4 68 5 5 6 88 7 89 8 78 9 46 10 55 11 28 12 96 13 32 14 2 15 49 16 81 17 15 18 90 19 46 20 95 
1 50 2 63 3 96 4 51 5 9 6 22 7 3 8 2 9 63 10 59 11 38 12 7 13 96 14 96 15 46 16 47 17 70 18 45 19 39 20 55 
1 82 2 84 3 60 4 97 5 73 6 19 7 27 8 20 9 77 10 49 11 18 12 61 13 44 14 73 15 63 16 17 17 70 18 97 19 29 20 41 
1 48 2 29 3 16 4 33 5 14 6 39 7 82 8 11 9 90 10 96 11 16 12 79 13 94 14 92 15 21 16 46 17 82 18 40 19 48 20 48 
1 76 2 98 3 57 4 32 5 74 6 57 7 77 8 41 9 18 10 7 11 43 12 89 13 23 14 23 15 60 16 39 17 94 18 89 19 65 20 67 
1 15 2 25 3 40 4 54 5 29 6 85 7 86 8 99 9 48 10 48 11 66 12 34 13 51 14 74 15 61 16 87 17 86 18 37 19 71 20 11 
1 5 2 48 3 41 4 65 5 48 6 30 7 96 8 88 9 1 10 46 11 16 12 93 13 11 14 18 15 3 16 78 17 37 18 18 19 96 20 87 
1 45 2 79 3 2 4 6 5 15 6 96 7 19 8 43 9 27 10 64 11 27 12 26 13 56 14 63 15 75 16 2 17 96 18 65 19 32 20 67 
1 39 2 58 3 85 4 44 5 33 6 71 7 37 8 53 9 45 10 39 11 24 12 39 13 33 14 42 15 71 16 15 17 21 18 40 19 57 20 37 
1 29 2 23 3 24 4 71 5 11 6 2 7 60 8 37 9 90 10 46 11 85 12 26 13 54 14 86 15 69 16 81 17 72 18 84 19 91 20 63 
1 89 2 92 3 56 4 1 5 4 6 95 7 31 8 44 9 53 10 98 11 10 12 4 13 35 14 49 15 57 16 54 17 36 18 61 19 58 20 47 
1 21 2 87 3 80 4 69 5 78 6 36 7 24 8 44 9 55 10 51 11 88 12 93 13 23 14 94 15 48 16 83 17 43 18 66 19 16 20 20 
1 37 2 42 3 11 4 12 5 42 6 47 7 47 8 15 9 11 10 24 11 74 12 97 13 98 14 57 15 48 16 10 17 75 18 90 19 39 20 89 
1 44 2 14 3 84 4 76 5 37 6 26 7 23 8 58 9 27 10 63 11 26 12 84 13 4 14 57 15 75 16 18 17 54 18 96 19 42 20 46 
1 7 2 93 3 33 4 48 5 56 6 38 7 53 8 18 9 94 10 25 11 35 12 55 13 16 14 67 15 48 16 14 17 98 18 62 19 42 20 89 
1 12 2 2 3 14 4 87 5 46 6 80 7 55 8 11 9 73 10 74 11 55 12 53 13 19 14 73 15 15 16 13 17 67 18 64 19 52 20 52 
1 45 2 79 3 91 4 53 5 19 6 70 7 89 8 31 9 54 10 74 11 29 12 90 13 47 14 91 15 41 16 95 17 70 18 88 19 79 20 40 
1 83 2 36 3 85 4 64 5 55 6 21 7 6 8 5 9 79 10 44 11 2 12 50 13 16 14 13 15 87 16 25 17 89 18 20 19 17 20 39 
1 63 2 58 3 74 4 96 5 3 6 69 7 44 8 25 9 7 10 63 11 16 12 56 13 81 14 73 15 42 16 15 17 97 18 36 19 60 20 96 
1 47 2 22 3 68 4 28 5 33 6 60 7 38 8 21 9 24 10 80 11 35 12 21 13 93 14 43 15 12 16 56 17 96 18 16 19 66 20 35 
1 25 2 60 3 98 4 28 5 98 6 95 7 56 8 96 9 13 10 43 11 53 12 19 13 35 14 68 15 3 16 51 17 84 18 55 19 74 20 54 
1 61 2 3 3 37 4 72 5 2 6 3 7 80 8 87 9 96 10 54 11 75 12 6 13 97 14 7 15 46 16 25 17 79 18 77 19 16 20 38 
1 23 2 20 3 33 4 35 5 47 6 56 7 52 8 8 9 51 10 61 11 19 12 46 13 89 14 31 15 91 16 59 17 94 18 56 19 31 20 76 
1 39 2 9 3 85 4 21 5 90 6 48 7 50 8 83 9 35 10 99 11 53 12 93 13 92 14 92 15 50 16 83 17 20 18 15 19 34 20 8 
1 50 2 90 3 82 4 99 5 28 6 26 7 82 8 58 9 80 10 71 11 68 12 10 13 90 14 70 15 97 16 20 17 65 18 27 19 81 20 82 
1 66 2 48 3 47 4 47 5 42 6 28 7 19 8 69 9 93 10 28 11 16 12 35 13 51 14 14 15 71 16 42 17 4 18 21 19 96 20 85 
1 48 2 63 3 10 4 8 5 68 6 40 7 64 8 93 9 89 10 66 11 49 12 55 13 17 14 44 15 37 16 44 17 91 18 27 19 72 20 62 
1 39 2 3 3 46 4 80 5 43 6 55 7 77 8 75 9 94 10 99 11 33 12 2 13 64 14 53 15 46 16 55 17 56 18 34 19 17 20 78 
1 41 2 61 3 30 4 70 5 62 6 37 7 60 8 93 9 6 10 94 11 78 12 27 13 4 14 23 15 66 16 37 17 2 18 9 19 98 20 21 
1 53 2 4 3 26 4 75 5 40 6 81 7 46 8 85 9 60 10 44 11 29 12 69 13 8 14 25 15 8 16 2 17 19 18 72 19 68 20 65 
1 78 2 37 3 84 4 88 5 60 6 26 7 12 8 14 9 27 10 13 11 21 12 3 13 7 14 69 15 16 16 34 17 7 18 27 19 36 20 65 
1 78 2 18 3 33 4 8 5 57 6 23 7 44 8 76 9 48 10 54 11 75 12 32 13 44 14 77 15 55 16 24 17 82 18 3 19 54 20 23 
1 40 2 93 3 46 4 58 5 24 6 87 7 81 8 70 9 46 10 70 11 92 12 49 13 97 14 35 15 58 16 9 17 63 18 76 19 33 20 52 
1 20 2 32 3 11 4 70 5 14 6 24 7 30 8 63 9 57 10 30 11 48 12 38 13 1 14 81 15 57 16 41 17 6 18 93 19 64 20 28 
1 78 2 18 3 39 4 36 5 64 6 19 7 20 8 82 9 86 10 45 11 16 12 28 13 13 14 18 15 29 16 40 17 7 18 16 19 96 20 10 
1 9 2 31 3 29 4 63 5 80 6 81 7 49 8 81 9 45 10 87 11 53 12 59 13 56 14 15 15 7 16 48 17 75 18 96 19 53 20 6 
1 25 2 96 3 45 4 65 5 67 6 28 7 95 8 88 9 51 10 43 11 36 12 72 13 33 14 53 15 79 16 20 17 30 18 6 19 73 20 16 
1 95 2 4 3 25 4 9 5 41 6 7 7 40 8 46 9 2 10 84 11 5 12 36 13 8 14 74 15 46 16 5 17 4 18 25 19 53 20 19 
1 83 2 81 3 16 4 35 5 74 6 95 7 65 8 2 9 7 10 1 11 17 12 57 13 47 14 68 15 46 16 15 17 11 18 28 19 73 20 97 
1 66 2 14 3 83 4 88 5 95 6 94 7 39 8 22 9 2 10 39 11 31 12 62 13 72 14 9 15 37 16 53 17 60 18 89 19 63 20 5 
1 88 2 52 3 10 4 78 5 69 6 90 7 48 8 94 9 3 10 72 11 22 12 26 13 86 14 77 15 74 16 37 17 9 18 63 19 44 20 38 
1 25 2 38 3 38 4 85 5 4 6 59 7 39 8 59 9 24 10 47 11 31 12 25 13 18 14 40 15 29 16 61 17 39 18 45 19 38 20 81 
1 44 2 5 3 76 4 67 5 79 6 92 7 80 8 50 9 6 10 7 11 45 12 16 13 64 14 69 15 7 16 44 17 20 18 90 19 84 20 90 
1 6 2 29 3 82 4 61 5 39 6 11 7 97 8 72 9 19 10 97 11 84 12 22 13 52 14 53 15 38 16 51 17 56 18 48 19 28 20 50 
Reldue
-1 3013 -1 4
-1 2641 -1 3
-1 1804 -1 4
-1 2275 -1 6
-1 2927 -1 2
-1 2653 -1 3
-1 2367 -1 7
-1 2658 -1 5
-1 1710 -1 4
-1 2355 -1 3
-1 2676 -1 9
-1 1645 -1 9
-1 1800 -1 3
-1 1669 -1 6
-1 2671 -1 3
-1 1751 -1 9
-1 2757 -1 4
-1 2523 -1 4
-1 1423 -1 5
-1 2314 -1 10
-1 1474 -1 4
-1 2784 -1 2
-1 1459 -1 6
-1 2478 -1 6
-1 2251 -1 10
-1 2294 -1 10
-1 2495 -1 6
-1 1670 -1 9
-1 2535 -1 2
-1 1782 -1 1
-1 2269 -1 5
-1 2637 -1 2
-1 1578 -1 9
-1 2003 -1 3
-1 2629 -1 3
-1 2541 -1 5
-1 2815 -1 7
-1 2483 -1 4
-1 2286 -1 6
-1 2145 -1 7
-1 1998 -1 4
-1 2901 -1 3
-1 1742 -1 10
-1 2937 -1 7
-1 1826 -1 3
-1 2821 -1 2
-1 2557 -1 5
-1 2161 -1 2
-1 1713 -1 1
-1 2475 -1 9
LB 2744
