50 20
1 25 2 4 3 57 4 73 5 1 6 22 7 20 8 75 9 42 10 11 11 22 12 39 13 97 14 21 15 45 16 94 17 40 18 15 19 27 20 82 
1 91 2 23 3 67 4 3 5 64 6 61 7 2 8 52 9 91 10 70 11 98 12 30 13 25 14 63 15 8 16 44 17 34 18 80 19 49 20 38 
1 21 2 95 3 50 4 22 5 79 6 29 7 55 8 1 9 65 10 19 11 64 12 38 13 57 14 57 15 72 16 38 17 47 18 34 19 2 20 86 
1 75 2 92 3 17 4 81 5 33 6 17 7 19 8 76 9 56 10 97 11 96 12 14 13 38 14 31 15 49 16 62 17 34 18 53 19 3 20 29 
1 37 2 91 3 45 4 49 5 60 6 75 7 55 8 92 9 22 10 57 11 40 12 30 13 33 14 49 15 10 16 34 17 61 18 89 19 56 20 12 
1 85 2 11 3 81 4 77 5 69 6 45 7 45 8 20 9 17 10 99 11 40 12 51 13 66 14 36 15 46 16 53 17 2 18 19 19 64 20 3 
1 88 2 21 3 63 4 82 5 23 6 93 7 8 8 58 9 98 10 44 11 33 12 93 13 61 14 17 15 28 16 54 17 9 18 21 19 9 20 25 
1 79 2 77 3 20 4 10 5 27 6 51 7 61 8 6 9 85 10 96 11 82 12 10 13 33 14 14 15 45 16 72 17 93 18 37 19 43 20 73 
1 27 2 25 3 21 4 63 5 45 6 31 7 18 8 33 9 54 10 87 11 40 12 61 13 96 14 33 15 88 16 89 17 34 18 86 19 52 20 91 
1 80 2 93 3 12 4 18 5 52 6 72 7 14 8 96 9 69 10 95 11 64 12 42 13 14 14 78 15 97 16 89 17 61 18 48 19 37 20 56 
1 57 2 86 3 71 4 88 5 93 6 13 7 29 8 11 9 12 10 36 11 86 12 93 13 50 14 73 15 90 16 35 17 12 18 90 19 90 20 60 
1 5 2 86 3 94 4 1 5 57 6 95 7 46 8 72 9 98 10 99 11 22 12 35 13 30 14 43 15 8 16 95 17 31 18 77 19 76 20 40 
1 58 2 50 3 45 4 22 5 95 6 42 7 72 8 93 9 35 10 16 11 23 12 46 13 37 14 41 15 91 16 53 17 10 18 20 19 70 20 55 
1 13 2 27 3 36 4 25 5 53 6 99 7 44 8 24 9 51 10 19 11 65 12 72 13 91 14 54 15 33 16 79 17 84 18 27 19 4 20 38 
1 22 2 24 3 77 4 19 5 35 6 93 7 7 8 71 9 20 10 61 11 78 12 40 13 65 14 61 15 13 16 41 17 5 18 43 19 59 20 95 
1 22 2 1 3 36 4 78 5 22 6 69 7 99 8 94 9 70 10 42 11 71 12 92 13 46 14 33 15 66 16 96 17 72 18 97 19 68 20 88 
1 26 2 27 3 79 4 23 5 77 6 12 7 31 8 98 9 80 10 4 11 71 12 47 13 48 14 15 15 76 16 6 17 87 18 80 19 81 20 61 
1 35 2 66 3 39 4 51 5 60 6 19 7 30 8 64 9 22 10 27 11 13 12 24 13 18 14 31 15 37 16 8 17 75 18 26 19 11 20 99 
1 52 2 2 3 85 4 54 5 83 6 13 7 69 8 4 9 63 10 35 11 50 12 43 13 61 14 5 15 22 16 73 17 20 18 2 19 19 20 70 
1 56 2 50 3 92 4 76 5 4 6 75 7 90 8 20 9 86 10 40 11 99 12 45 13 7 14 95 15 63 16 27 17 96 18 98 19 1 20 37 
1 55 2 79 3 38 4 37 5 90 6 24 7 97 8 85 9 19 10 75 11 90 12 45 13 32 14 92 15 77 16 12 17 25 18 91 19 89 20 27 
1 5 2 93 3 57 4 1 5 21 6 56 7 11 8 6 9 60 10 93 11 10 12 55 13 62 14 85 15 39 16 84 17 97 18 84 19 34 20 69 
1 76 2 96 3 47 4 47 5 22 6 50 7 9 8 26 9 97 10 13 11 66 12 85 13 76 14 21 15 54 16 30 17 33 18 89 19 8 20 21 
1 68 2 23 3 24 4 10 5 34 6 16 7 14 8 29 9 83 10 29 11 46 12 72 13 70 14 67 15 31 16 3 17 66 18 20 19 59 20 44 
1 21 2 29 3 52 4 91 5 41 6 79 7 81 8 95 9 23 10 89 11 36 12 96 13 88 14 98 15 57 16 61 17 19 18 64 19 45 20 43 
1 25 2 96 3 45 4 33 5 5 6 41 7 73 8 55 9 53 10 12 11 52 12 97 13 77 14 45 15 49 16 27 17 3 18 71 19 19 20 31 
1 65 2 34 3 22 4 70 5 55 6 26 7 6 8 60 9 30 10 47 11 53 12 48 13 26 14 23 15 83 16 34 17 98 18 53 19 89 20 57 
1 14 2 56 3 22 4 25 5 8 6 47 7 34 8 58 9 21 10 30 11 7 12 20 13 55 14 50 15 30 16 78 17 87 18 16 19 41 20 80 
1 97 2 55 3 34 4 94 5 21 6 85 7 8 8 41 9 12 10 97 11 51 12 31 13 14 14 71 15 13 16 1 17 9 18 17 19 84 20 25 
1 77 2 98 3 60 4 51 5 41 6 52 7 52 8 63 9 22 10 83 11 64 12 71 13 10 14 51 15 12 16 2 17 29 18 45 19 21 20 51 
1 58 2 97 3 16 4 44 5 73 6 20 7 34 8 30 9 30 10 31 11 3 12 44 13 34 14 6 15 28 16 41 17 4 18 92 19 52 20 37 
1 39 2 31 3 67 4 5 5 85 6 34 7 72 8 13 9 34 10 44 11 31 12 65 13 68 14 90 15 23 16 1 17 74 18 60 19 71 20 50 
1 61 2 65 3 67 4 62 5 97 6 18 7 57 8 15 9 85 10 45 11 85 12 90 13 44 14 47 15 58 16 29 17 14 18 55 19 5 20 61 
1 34 2 2 3 22 4 22 5 13 6 30 7 60 8 55 9 24 10 91 11 67 12 54 13 54 14 36 15 42 16 29 17 57 18 14 19 65 20 27 
1 83 2 88 3 56 4 60 5 7 6 80 7 34 8 27 9 76 10 68 11 96 12 67 13 97 14 34 15 78 16 38 17 60 18 50 19 34 20 16 
1 57 2 18 3 14 4 55 5 69 6 33 7 23 8 90 9 78 10 67 11 60 12 18 13 50 14 31 15 61 16 96 17 64 18 25 19 36 20 83 
1 75 2 26 3 36 4 46 5 23 6 83 7 90 8 12 9 13 10 20 11 4 12 56 13 34 14 29 15 79 16 20 17 39 18 9 19 54 20 43 
1 80 2 15 3 97 4 65 5 22 6 59 7 57 8 24 9 14 10 55 11 78 12 94 13 98 14 11 15 85 16 32 17 54 18 50 19 23 20 76 
1 92 2 39 3 82 4 39 5 6 6 13 7 68 8 19 9 96 10 4 11 85 12 92 13 25 14 63 15 63 16 13 17 96 18 5 19 99 20 23 
1 99 2 90 3 15 4 65 5 25 6 32 7 44 8 92 9 40 10 29 11 3 12 34 13 80 14 7 15 55 16 22 17 72 18 1 19 78 20 23 
1 45 2 36 3 75 4 2 5 56 6 55 7 83 8 76 9 22 10 36 11 27 12 55 13 48 14 19 15 61 16 34 17 63 18 59 19 36 20 7 
1 22 2 17 3 88 4 19 5 16 6 10 7 78 8 87 9 92 10 77 11 78 12 35 13 69 14 20 15 69 16 83 17 45 18 92 19 54 20 84 
1 24 2 98 3 5 4 47 5 71 6 78 7 90 8 96 9 45 10 79 11 23 12 16 13 74 14 79 15 19 16 14 17 64 18 37 19 57 20 54 
1 90 2 27 3 43 4 16 5 4 6 9 7 57 8 47 9 90 10 68 11 80 12 39 13 39 14 12 15 78 16 56 17 4 18 27 19 82 20 46 
1 47 2 65 3 6 4 93 5 78 6 42 7 25 8 59 9 84 10 42 11 77 12 8 13 16 14 99 15 10 16 53 17 65 18 96 19 65 20 34 
1 21 2 67 3 81 4 9 5 50 6 21 7 13 8 69 9 44 10 26 11 17 12 48 13 23 14 40 15 53 16 50 17 87 18 6 19 55 20 2 
1 1 2 53 3 26 4 10 5 27 6 90 7 46 8 17 9 10 10 92 11 45 12 70 13 36 14 72 15 35 16 87 17 78 18 61 19 13 20 61 
1 2 2 46 3 6 4 95 5 47 6 55 7 9 8 74 9 31 10 93 11 70 12 35 13 78 14 66 15 36 16 41 17 68 18 80 19 11 20 56 
1 87 2 93 3 54 4 44 5 38 6 12 7 45 8 9 9 32 10 21 11 18 12 82 13 34 14 68 15 99 16 11 17 64 18 40 19 55 20 52 
1 52 2 14 3 9 4 33 5 54 6 62 7 21 8 67 9 98 10 40 11 31 12 55 13 39 14 26 15 49 16 28 17 26 18 29 19 23 20 98 
Reldue
-1 2872 -1 7
-1 1716 -1 8
-1 1349 -1 1
-1 2474 -1 6
-1 1455 -1 10
-1 2449 -1 2
-1 2311 -1 7
-1 1794 -1 2
-1 1542 -1 7
-1 2280 -1 8
-1 1978 -1 10
-1 2811 -1 1
-1 2032 -1 1
-1 1723 -1 9
-1 2329 -1 10
-1 2424 -1 7
-1 1581 -1 3
-1 2619 -1 8
-1 1849 -1 8
-1 2441 -1 8
-1 1771 -1 2
-1 2789 -1 3
-1 2624 -1 1
-1 1339 -1 8
-1 2573 -1 8
-1 1418 -1 3
-1 1897 -1 1
-1 1701 -1 7
-1 2899 -1 10
-1 2134 -1 7
-1 1862 -1 8
-1 2137 -1 2
-1 1865 -1 9
-1 2647 -1 7
-1 2552 -1 1
-1 2341 -1 2
-1 2041 -1 10
-1 1327 -1 6
-1 2555 -1 8
-1 2302 -1 5
-1 1851 -1 2
-1 1969 -1 6
-1 2308 -1 8
-1 2323 -1 9
-1 2269 -1 10
-1 2477 -1 1
-1 1567 -1 4
-1 2761 -1 5
-1 2058 -1 4
-1 1385 -1 2
LB 2650
