50 20
1 74 2 80 3 57 4 5 5 49 6 36 7 61 8 99 9 75 10 73 11 64 12 45 13 62 14 49 15 85 16 60 17 21 18 77 19 57 20 42 
1 6 2 19 3 71 4 51 5 57 6 99 7 49 8 54 9 6 10 81 11 36 12 92 13 34 14 13 15 83 16 16 17 7 18 85 19 91 20 29 
1 10 2 81 3 1 4 6 5 70 6 58 7 5 8 77 9 31 10 31 11 77 12 26 13 33 14 91 15 33 16 64 17 26 18 80 19 54 20 67 
1 72 2 34 3 9 4 59 5 51 6 95 7 25 8 26 9 65 10 26 11 93 12 79 13 48 14 40 15 6 16 44 17 19 18 40 19 97 20 5 
1 35 2 51 3 97 4 58 5 17 6 2 7 52 8 2 9 28 10 34 11 33 12 32 13 67 14 87 15 75 16 94 17 90 18 82 19 68 20 2 
1 66 2 80 3 34 4 50 5 34 6 12 7 12 8 78 9 56 10 37 11 87 12 82 13 74 14 30 15 4 16 95 17 39 18 47 19 93 20 25 
1 66 2 42 3 2 4 93 5 81 6 62 7 26 8 36 9 11 10 74 11 69 12 29 13 17 14 35 15 42 16 1 17 57 18 31 19 79 20 2 
1 79 2 66 3 37 4 62 5 54 6 1 7 4 8 8 9 33 10 89 11 54 12 95 13 11 14 94 15 24 16 44 17 40 18 95 19 13 20 36 
1 99 2 83 3 91 4 32 5 49 6 80 7 90 8 19 9 15 10 4 11 27 12 45 13 13 14 66 15 70 16 55 17 75 18 50 19 4 20 23 
1 6 2 12 3 20 4 99 5 40 6 12 7 1 8 70 9 44 10 66 11 91 12 86 13 81 14 14 15 80 16 43 17 24 18 3 19 80 20 76 
1 29 2 50 3 84 4 83 5 88 6 91 7 81 8 79 9 8 10 98 11 46 12 11 13 32 14 23 15 65 16 18 17 2 18 70 19 55 20 87 
1 22 2 75 3 12 4 16 5 78 6 84 7 40 8 74 9 33 10 19 11 68 12 68 13 74 14 63 15 26 16 55 17 57 18 47 19 27 20 67 
1 2 2 89 3 76 4 86 5 31 6 76 7 55 8 39 9 34 10 99 11 76 12 6 13 2 14 57 15 72 16 99 17 78 18 21 19 78 20 93 
1 4 2 57 3 41 4 65 5 80 6 38 7 55 8 61 9 4 10 29 11 74 12 48 13 18 14 45 15 71 16 2 17 50 18 31 19 39 20 84 
1 47 2 87 3 98 4 50 5 23 6 77 7 88 8 54 9 72 10 45 11 19 12 61 13 58 14 30 15 96 16 27 17 22 18 59 19 24 20 54 
1 35 2 20 3 77 4 70 5 88 6 6 7 81 8 34 9 33 10 92 11 16 12 50 13 99 14 55 15 28 16 36 17 94 18 36 19 5 20 11 
1 25 2 25 3 64 4 57 5 78 6 3 7 7 8 54 9 89 10 64 11 82 12 91 13 93 14 45 15 69 16 23 17 8 18 43 19 32 20 95 
1 15 2 49 3 46 4 8 5 95 6 89 7 94 8 90 9 81 10 19 11 13 12 25 13 27 14 68 15 49 16 30 17 74 18 11 19 2 20 18 
1 60 2 93 3 90 4 39 5 30 6 33 7 63 8 8 9 50 10 1 11 90 12 61 13 87 14 73 15 37 16 75 17 77 18 32 19 30 20 27 
1 12 2 30 3 70 4 60 5 7 6 64 7 24 8 48 9 51 10 40 11 16 12 11 13 85 14 73 15 94 16 19 17 6 18 56 19 83 20 9 
1 79 2 84 3 1 4 8 5 27 6 91 7 45 8 81 9 33 10 86 11 65 12 34 13 85 14 85 15 3 16 79 17 80 18 66 19 23 20 4 
1 48 2 1 3 97 4 88 5 25 6 69 7 70 8 31 9 86 10 52 11 70 12 65 13 7 14 48 15 63 16 14 17 27 18 79 19 10 20 85 
1 48 2 3 3 16 4 52 5 44 6 82 7 42 8 46 9 75 10 16 11 74 12 3 13 37 14 41 15 4 16 25 17 16 18 25 19 92 20 49 
1 86 2 22 3 59 4 51 5 10 6 6 7 23 8 30 9 94 10 77 11 11 12 67 13 5 14 99 15 26 16 7 17 61 18 41 19 31 20 14 
1 49 2 76 3 48 4 47 5 60 6 88 7 72 8 94 9 71 10 59 11 26 12 89 13 83 14 8 15 32 16 30 17 70 18 47 19 34 20 6 
1 50 2 99 3 35 4 45 5 9 6 74 7 98 8 83 9 62 10 58 11 48 12 52 13 77 14 73 15 54 16 92 17 9 18 53 19 10 20 32 
1 6 2 21 3 57 4 95 5 69 6 38 7 34 8 98 9 10 10 61 11 94 12 31 13 11 14 25 15 75 16 49 17 86 18 44 19 28 20 38 
1 26 2 87 3 54 4 94 5 34 6 41 7 86 8 45 9 52 10 18 11 87 12 15 13 36 14 60 15 61 16 95 17 77 18 32 19 75 20 24 
1 42 2 6 3 36 4 48 5 30 6 87 7 29 8 96 9 76 10 33 11 32 12 90 13 59 14 34 15 28 16 87 17 68 18 58 19 96 20 96 
1 93 2 10 3 80 4 92 5 60 6 26 7 41 8 8 9 23 10 97 11 67 12 12 13 42 14 32 15 7 16 83 17 26 18 12 19 52 20 90 
1 51 2 51 3 14 4 59 5 64 6 6 7 23 8 41 9 79 10 36 11 44 12 56 13 2 14 78 15 46 16 64 17 65 18 27 19 41 20 86 
1 54 2 19 3 81 4 56 5 99 6 81 7 5 8 84 9 30 10 21 11 56 12 41 13 36 14 40 15 14 16 31 17 97 18 19 19 38 20 7 
1 3 2 84 3 51 4 32 5 47 6 35 7 93 8 93 9 13 10 14 11 81 12 16 13 48 14 16 15 17 16 92 17 13 18 41 19 34 20 40 
1 62 2 7 3 14 4 3 5 9 6 24 7 87 8 98 9 51 10 74 11 84 12 97 13 1 14 62 15 43 16 69 17 13 18 73 19 15 20 46 
1 58 2 85 3 84 4 53 5 21 6 33 7 83 8 21 9 39 10 28 11 87 12 33 13 43 14 11 15 3 16 89 17 60 18 47 19 34 20 58 
1 90 2 84 3 58 4 24 5 41 6 77 7 66 8 98 9 51 10 79 11 76 12 27 13 11 14 61 15 9 16 29 17 49 18 70 19 13 20 85 
1 46 2 82 3 9 4 29 5 12 6 8 7 3 8 3 9 25 10 73 11 63 12 49 13 40 14 64 15 74 16 81 17 85 18 25 19 86 20 11 
1 17 2 75 3 41 4 77 5 10 6 80 7 75 8 74 9 30 10 10 11 98 12 24 13 34 14 2 15 77 16 39 17 62 18 24 19 51 20 5 
1 48 2 67 3 28 4 84 5 5 6 11 7 34 8 99 9 79 10 15 11 93 12 61 13 58 14 19 15 4 16 16 17 33 18 79 19 60 20 26 
1 14 2 20 3 57 4 59 5 89 6 97 7 71 8 44 9 92 10 18 11 51 12 3 13 29 14 97 15 90 16 92 17 92 18 51 19 98 20 93 
1 27 2 92 3 25 4 56 5 40 6 85 7 77 8 38 9 63 10 88 11 71 12 14 13 58 14 42 15 92 16 63 17 43 18 14 19 7 20 46 
1 68 2 74 3 8 4 73 5 77 6 61 7 64 8 21 9 5 10 67 11 60 12 81 13 32 14 53 15 8 16 62 17 20 18 10 19 61 20 11 
1 23 2 31 3 98 4 78 5 50 6 62 7 53 8 84 9 22 10 81 11 78 12 7 13 98 14 31 15 60 16 91 17 12 18 49 19 93 20 15 
1 30 2 21 3 52 4 90 5 87 6 96 7 84 8 16 9 78 10 8 11 41 12 38 13 41 14 65 15 83 16 6 17 80 18 32 19 49 20 6 
1 7 2 95 3 58 4 64 5 64 6 27 7 85 8 9 9 48 10 62 11 48 12 79 13 84 14 74 15 36 16 53 17 33 18 92 19 52 20 68 
1 60 2 84 3 64 4 59 5 90 6 8 7 94 8 51 9 74 10 74 11 2 12 90 13 52 14 34 15 48 16 65 17 13 18 80 19 56 20 92 
1 12 2 37 3 11 4 59 5 41 6 36 7 32 8 4 9 93 10 57 11 13 12 53 13 62 14 60 15 13 16 25 17 31 18 9 19 67 20 85 
1 98 2 79 3 24 4 81 5 53 6 37 7 84 8 92 9 34 10 12 11 55 12 41 13 38 14 25 15 11 16 29 17 41 18 57 19 50 20 52 
1 40 2 52 3 80 4 51 5 65 6 51 7 24 8 36 9 8 10 45 11 13 12 37 13 28 14 18 15 94 16 85 17 89 18 87 19 8 20 41 
1 84 2 50 3 33 4 67 5 92 6 66 7 23 8 46 9 83 10 56 11 72 12 9 13 44 14 38 15 39 16 56 17 34 18 8 19 15 20 55 
Reldue
-1 2018 -1 8
-1 1893 -1 8
-1 1553 -1 10
-1 1589 -1 1
-1 3100 -1 6
-1 3144 -1 10
-1 1743 -1 3
-1 2102 -1 1
-1 2887 -1 7
-1 2644 -1 7
-1 2326 -1 1
-1 2085 -1 6
-1 2827 -1 7
-1 2732 -1 10
-1 3049 -1 3
-1 1603 -1 5
-1 1783 -1 9
-1 2838 -1 5
-1 2616 -1 9
-1 2228 -1 2
-1 1621 -1 2
-1 1532 -1 3
-1 2402 -1 6
-1 2959 -1 3
-1 1955 -1 6
-1 2958 -1 5
-1 1639 -1 8
-1 1924 -1 10
-1 3104 -1 3
-1 2904 -1 2
-1 1671 -1 3
-1 2197 -1 5
-1 1735 -1 10
-1 1578 -1 8
-1 2994 -1 3
-1 2710 -1 10
-1 2179 -1 2
-1 2430 -1 4
-1 2802 -1 9
-1 2482 -1 8
-1 3160 -1 2
-1 2906 -1 4
-1 2323 -1 8
-1 2619 -1 3
-1 3050 -1 6
-1 2024 -1 9
-1 2662 -1 2
-1 2088 -1 9
-1 1807 -1 7
-1 2729 -1 3
LB 2891
