50 20
1 76 2 28 3 7 4 3 5 4 6 68 7 77 8 49 9 23 10 50 11 53 12 6 13 14 14 90 15 35 16 76 17 75 18 1 19 77 20 14 
1 83 2 90 3 36 4 63 5 36 6 34 7 31 8 64 9 97 10 19 11 87 12 51 13 81 14 85 15 7 16 74 17 46 18 31 19 33 20 28 
1 60 2 90 3 60 4 89 5 80 6 26 7 98 8 57 9 5 10 97 11 69 12 66 13 45 14 38 15 76 16 69 17 54 18 76 19 54 20 48 
1 61 2 97 3 43 4 71 5 71 6 68 7 3 8 29 9 75 10 59 11 60 12 85 13 55 14 56 15 85 16 98 17 21 18 30 19 70 20 52 
1 44 2 33 3 44 4 19 5 71 6 92 7 35 8 54 9 59 10 1 11 38 12 21 13 81 14 68 15 88 16 58 17 55 18 57 19 98 20 69 
1 26 2 45 3 23 4 70 5 10 6 60 7 28 8 29 9 3 10 69 11 49 12 45 13 53 14 69 15 36 16 72 17 55 18 31 19 50 20 37 
1 47 2 11 3 77 4 84 5 73 6 27 7 73 8 23 9 57 10 79 11 69 12 90 13 80 14 5 15 98 16 29 17 21 18 82 19 27 20 5 
1 92 2 20 3 89 4 44 5 94 6 65 7 98 8 69 9 96 10 39 11 38 12 21 13 67 14 91 15 75 16 97 17 96 18 35 19 75 20 51 
1 81 2 18 3 21 4 43 5 40 6 31 7 18 8 71 9 82 10 68 11 16 12 1 13 34 14 45 15 46 16 21 17 27 18 41 19 73 20 89 
1 9 2 16 3 77 4 63 5 48 6 20 7 15 8 31 9 44 10 16 11 15 12 6 13 66 14 16 15 23 16 83 17 20 18 29 19 18 20 90 
1 94 2 31 3 20 4 67 5 99 6 48 7 60 8 9 9 42 10 38 11 58 12 2 13 56 14 37 15 62 16 14 17 81 18 47 19 94 20 82 
1 37 2 11 3 56 4 67 5 16 6 63 7 95 8 37 9 97 10 89 11 52 12 6 13 99 14 64 15 27 16 5 17 31 18 24 19 94 20 54 
1 33 2 28 3 67 4 77 5 69 6 64 7 23 8 30 9 51 10 88 11 51 12 34 13 70 14 84 15 47 16 46 17 92 18 18 19 18 20 86 
1 57 2 97 3 25 4 39 5 54 6 71 7 92 8 69 9 88 10 73 11 56 12 98 13 89 14 60 15 51 16 83 17 72 18 33 19 18 20 33 
1 74 2 65 3 64 4 78 5 48 6 48 7 96 8 65 9 92 10 24 11 62 12 95 13 36 14 32 15 35 16 84 17 29 18 5 19 72 20 14 
1 19 2 19 3 27 4 81 5 52 6 56 7 48 8 57 9 7 10 34 11 9 12 71 13 15 14 55 15 95 16 50 17 4 18 65 19 54 20 38 
1 84 2 36 3 24 4 12 5 6 6 50 7 45 8 27 9 8 10 76 11 35 12 96 13 4 14 49 15 35 16 30 17 75 18 29 19 29 20 64 
1 58 2 85 3 46 4 68 5 47 6 93 7 17 8 62 9 42 10 18 11 57 12 69 13 59 14 33 15 50 16 6 17 50 18 3 19 90 20 52 
1 55 2 64 3 65 4 73 5 91 6 78 7 44 8 92 9 69 10 83 11 77 12 72 13 72 14 10 15 94 16 33 17 52 18 69 19 60 20 49 
1 35 2 83 3 83 4 70 5 98 6 94 7 58 8 64 9 43 10 16 11 48 12 67 13 3 14 75 15 51 16 91 17 39 18 33 19 76 20 56 
1 21 2 57 3 74 4 4 5 42 6 9 7 25 8 53 9 99 10 19 11 31 12 32 13 79 14 93 15 84 16 13 17 88 18 53 19 9 20 72 
1 65 2 63 3 32 4 25 5 26 6 81 7 39 8 40 9 75 10 93 11 85 12 1 13 47 14 82 15 11 16 31 17 96 18 53 19 16 20 62 
1 10 2 35 3 74 4 1 5 35 6 77 7 9 8 97 9 31 10 54 11 79 12 74 13 49 14 62 15 65 16 25 17 30 18 91 19 50 20 80 
1 11 2 97 3 96 4 17 5 19 6 95 7 63 8 5 9 4 10 26 11 76 12 90 13 98 14 38 15 97 16 99 17 63 18 51 19 73 20 22 
1 49 2 76 3 40 4 58 5 33 6 67 7 81 8 93 9 36 10 28 11 22 12 40 13 60 14 90 15 21 16 44 17 55 18 13 19 98 20 53 
1 5 2 39 3 14 4 67 5 16 6 52 7 53 8 85 9 47 10 33 11 41 12 13 13 77 14 8 15 54 16 2 17 95 18 82 19 12 20 4 
1 8 2 42 3 6 4 74 5 81 6 72 7 89 8 26 9 32 10 62 11 22 12 49 13 78 14 10 15 18 16 5 17 99 18 5 19 29 20 88 
1 37 2 8 3 53 4 52 5 30 6 34 7 74 8 83 9 29 10 85 11 92 12 51 13 91 14 73 15 9 16 44 17 92 18 26 19 84 20 12 
1 86 2 20 3 82 4 85 5 94 6 6 7 8 8 58 9 37 10 17 11 21 12 3 13 83 14 88 15 61 16 72 17 87 18 49 19 10 20 87 
1 12 2 46 3 29 4 18 5 83 6 39 7 68 8 50 9 87 10 14 11 20 12 29 13 83 14 65 15 7 16 29 17 37 18 94 19 93 20 35 
1 9 2 1 3 62 4 82 5 90 6 47 7 90 8 40 9 14 10 90 11 13 12 42 13 69 14 78 15 78 16 36 17 22 18 75 19 85 20 69 
1 70 2 96 3 6 4 13 5 87 6 2 7 40 8 46 9 88 10 74 11 30 12 28 13 94 14 82 15 44 16 31 17 17 18 82 19 76 20 56 
1 30 2 8 3 20 4 63 5 82 6 75 7 58 8 55 9 17 10 81 11 63 12 30 13 51 14 75 15 94 16 35 17 55 18 84 19 93 20 7 
1 13 2 45 3 78 4 34 5 70 6 42 7 32 8 2 9 47 10 50 11 41 12 54 13 97 14 19 15 62 16 36 17 52 18 22 19 10 20 61 
1 97 2 20 3 54 4 82 5 93 6 69 7 71 8 45 9 97 10 17 11 84 12 17 13 54 14 14 15 93 16 38 17 73 18 70 19 54 20 53 
1 5 2 87 3 16 4 16 5 64 6 54 7 4 8 18 9 11 10 26 11 88 12 58 13 18 14 62 15 11 16 95 17 35 18 16 19 77 20 21 
1 34 2 48 3 7 4 70 5 55 6 55 7 39 8 48 9 32 10 77 11 94 12 42 13 2 14 40 15 71 16 6 17 27 18 28 19 16 20 31 
1 65 2 52 3 22 4 61 5 86 6 6 7 71 8 67 9 41 10 95 11 33 12 95 13 95 14 30 15 56 16 27 17 81 18 56 19 56 20 67 
1 37 2 37 3 43 4 97 5 26 6 60 7 70 8 95 9 87 10 39 11 47 12 94 13 54 14 36 15 16 16 52 17 85 18 26 19 92 20 37 
1 57 2 65 3 27 4 23 5 9 6 65 7 36 8 69 9 98 10 81 11 54 12 73 13 96 14 54 15 72 16 69 17 85 18 21 19 87 20 60 
1 96 2 10 3 52 4 75 5 60 6 18 7 46 8 71 9 68 10 42 11 33 12 32 13 52 14 75 15 28 16 59 17 32 18 43 19 94 20 51 
1 46 2 56 3 15 4 73 5 89 6 87 7 15 8 74 9 23 10 3 11 16 12 82 13 13 14 40 15 77 16 54 17 98 18 23 19 99 20 47 
1 61 2 27 3 81 4 33 5 53 6 12 7 67 8 46 9 28 10 52 11 91 12 33 13 73 14 1 15 57 16 24 17 5 18 29 19 78 20 51 
1 32 2 66 3 82 4 36 5 42 6 10 7 89 8 6 9 42 10 78 11 51 12 29 13 65 14 44 15 38 16 87 17 52 18 64 19 54 20 13 
1 79 2 37 3 31 4 11 5 57 6 10 7 84 8 80 9 26 10 88 11 98 12 98 13 94 14 19 15 3 16 86 17 35 18 63 19 84 20 15 
1 87 2 35 3 22 4 83 5 60 6 20 7 23 8 41 9 19 10 25 11 81 12 79 13 52 14 85 15 38 16 36 17 36 18 41 19 29 20 99 
1 49 2 37 3 35 4 89 5 7 6 38 7 28 8 64 9 76 10 54 11 6 12 83 13 60 14 55 15 43 16 94 17 50 18 73 19 76 20 54 
1 93 2 9 3 7 4 27 5 27 6 60 7 95 8 38 9 32 10 89 11 53 12 6 13 41 14 82 15 39 16 12 17 37 18 93 19 30 20 3 
1 87 2 17 3 95 4 68 5 17 6 65 7 36 8 52 9 22 10 66 11 57 12 16 13 69 14 58 15 90 16 45 17 91 18 36 19 19 20 86 
1 18 2 41 3 24 4 61 5 72 6 58 7 47 8 57 9 72 10 85 11 29 12 2 13 8 14 58 15 22 16 43 17 24 18 52 19 10 20 8 
Reldue
-1 2198 -1 3
-1 2900 -1 6
-1 2872 -1 1
-1 2117 -1 5
-1 1822 -1 2
-1 3002 -1 10
-1 3007 -1 8
-1 2672 -1 3
-1 1599 -1 9
-1 2653 -1 7
-1 3114 -1 4
-1 2509 -1 2
-1 3240 -1 4
-1 2578 -1 1
-1 2958 -1 7
-1 1772 -1 9
-1 1582 -1 5
-1 1681 -1 10
-1 1719 -1 10
-1 1606 -1 2
-1 3060 -1 3
-1 3138 -1 9
-1 2865 -1 4
-1 1967 -1 9
-1 2755 -1 2
-1 2060 -1 1
-1 2000 -1 3
-1 2598 -1 9
-1 2168 -1 7
-1 1792 -1 7
-1 1542 -1 8
-1 1938 -1 1
-1 3012 -1 7
-1 2600 -1 9
-1 1671 -1 2
-1 2252 -1 3
-1 2887 -1 1
-1 1872 -1 10
-1 3199 -1 9
-1 3243 -1 2
-1 3255 -1 8
-1 2974 -1 6
-1 2354 -1 5
-1 2142 -1 5
-1 2535 -1 6
-1 1572 -1 8
-1 2951 -1 5
-1 1589 -1 4
-1 2213 -1 2
-1 3041 -1 7
LB 2981
