50 20
1 2 2 6 3 23 4 33 5 4 6 88 7 13 8 65 9 52 10 24 11 13 12 70 13 9 14 25 15 95 16 44 17 93 18 89 19 8 20 2 
1 79 2 46 3 61 4 35 5 52 6 97 7 97 8 38 9 71 10 69 11 29 12 16 13 27 14 5 15 8 16 13 17 45 18 77 19 98 20 33 
1 68 2 13 3 58 4 81 5 59 6 66 7 2 8 75 9 18 10 75 11 18 12 11 13 3 14 26 15 48 16 5 17 87 18 3 19 81 20 61 
1 92 2 3 3 32 4 6 5 44 6 5 7 75 8 3 9 73 10 45 11 84 12 12 13 84 14 90 15 72 16 92 17 61 18 18 19 85 20 6 
1 42 2 88 3 12 4 96 5 2 6 30 7 21 8 61 9 81 10 40 11 56 12 5 13 92 14 7 15 93 16 21 17 45 18 24 19 95 20 11 
1 26 2 35 3 93 4 43 5 20 6 40 7 94 8 83 9 41 10 38 11 44 12 58 13 39 14 18 15 58 16 75 17 34 18 4 19 9 20 17 
1 31 2 33 3 49 4 63 5 47 6 78 7 82 8 99 9 85 10 83 11 93 12 29 13 82 14 78 15 93 16 85 17 57 18 92 19 37 20 3 
1 38 2 86 3 28 4 10 5 67 6 17 7 39 8 24 9 43 10 65 11 82 12 31 13 84 14 75 15 45 16 80 17 3 18 36 19 41 20 36 
1 82 2 95 3 10 4 93 5 95 6 2 7 5 8 15 9 53 10 39 11 40 12 12 13 71 14 14 15 19 16 43 17 6 18 56 19 60 20 71 
1 93 2 77 3 57 4 23 5 34 6 92 7 80 8 96 9 93 10 29 11 91 12 20 13 91 14 65 15 71 16 56 17 19 18 24 19 69 20 71 
1 70 2 37 3 13 4 13 5 86 6 22 7 77 8 67 9 4 10 45 11 33 12 63 13 1 14 7 15 17 16 6 17 70 18 77 19 32 20 68 
1 69 2 58 3 71 4 78 5 30 6 76 7 77 8 37 9 25 10 77 11 55 12 65 13 38 14 19 15 39 16 88 17 42 18 64 19 79 20 83 
1 26 2 17 3 31 4 29 5 26 6 8 7 56 8 6 9 56 10 49 11 46 12 60 13 60 14 24 15 12 16 49 17 71 18 58 19 55 20 97 
1 86 2 28 3 98 4 86 5 60 6 52 7 70 8 5 9 49 10 49 11 59 12 24 13 97 14 37 15 53 16 33 17 53 18 96 19 46 20 87 
1 55 2 9 3 64 4 33 5 38 6 58 7 70 8 53 9 41 10 1 11 33 12 56 13 69 14 16 15 67 16 5 17 48 18 91 19 32 20 4 
1 25 2 95 3 76 4 67 5 84 6 92 7 49 8 64 9 89 10 95 11 8 12 80 13 71 14 6 15 73 16 71 17 26 18 56 19 65 20 46 
1 87 2 17 3 75 4 43 5 13 6 85 7 85 8 44 9 51 10 42 11 25 12 70 13 44 14 88 15 18 16 29 17 79 18 91 19 27 20 91 
1 2 2 25 3 83 4 33 5 43 6 96 7 75 8 41 9 56 10 8 11 87 12 64 13 9 14 66 15 1 16 93 17 91 18 85 19 14 20 76 
1 52 2 85 3 2 4 38 5 59 6 33 7 51 8 58 9 40 10 93 11 35 12 23 13 81 14 90 15 40 16 44 17 98 18 76 19 84 20 38 
1 70 2 13 3 64 4 24 5 91 6 34 7 10 8 77 9 73 10 34 11 23 12 15 13 89 14 36 15 30 16 64 17 44 18 64 19 92 20 55 
1 95 2 35 3 29 4 48 5 15 6 11 7 46 8 40 9 93 10 93 11 66 12 18 13 84 14 11 15 31 16 91 17 29 18 39 19 3 20 32 
1 97 2 85 3 53 4 4 5 9 6 39 7 52 8 10 9 69 10 70 11 42 12 53 13 45 14 61 15 94 16 73 17 57 18 19 19 49 20 71 
1 76 2 67 3 10 4 61 5 5 6 36 7 28 8 44 9 57 10 64 11 85 12 74 13 7 14 82 15 46 16 91 17 86 18 15 19 75 20 10 
1 12 2 54 3 26 4 5 5 53 6 95 7 8 8 26 9 29 10 72 11 60 12 93 13 2 14 65 15 45 16 72 17 1 18 73 19 44 20 51 
1 33 2 68 3 39 4 29 5 67 6 45 7 2 8 82 9 68 10 73 11 33 12 67 13 51 14 7 15 72 16 53 17 70 18 67 19 57 20 70 
1 3 2 81 3 46 4 50 5 99 6 92 7 70 8 19 9 8 10 45 11 46 12 26 13 76 14 22 15 97 16 94 17 21 18 97 19 4 20 6 
1 83 2 68 3 76 4 92 5 42 6 4 7 67 8 38 9 10 10 80 11 82 12 10 13 52 14 24 15 64 16 4 17 80 18 79 19 26 20 37 
1 22 2 44 3 92 4 35 5 63 6 9 7 48 8 55 9 58 10 90 11 42 12 68 13 72 14 28 15 27 16 71 17 24 18 94 19 98 20 64 
1 43 2 89 3 84 4 89 5 20 6 38 7 42 8 36 9 70 10 99 11 79 12 53 13 44 14 62 15 87 16 52 17 73 18 20 19 22 20 50 
1 15 2 30 3 52 4 81 5 24 6 56 7 73 8 49 9 94 10 10 11 51 12 37 13 17 14 43 15 65 16 68 17 38 18 32 19 81 20 84 
1 72 2 39 3 56 4 65 5 96 6 25 7 95 8 69 9 59 10 60 11 62 12 53 13 63 14 71 15 19 16 33 17 83 18 62 19 30 20 40 
1 84 2 71 3 58 4 74 5 19 6 84 7 86 8 42 9 68 10 26 11 12 12 70 13 87 14 62 15 53 16 99 17 41 18 88 19 40 20 89 
1 76 2 95 3 88 4 32 5 81 6 16 7 13 8 16 9 33 10 38 11 74 12 61 13 84 14 20 15 58 16 98 17 53 18 43 19 91 20 45 
1 11 2 36 3 68 4 80 5 84 6 21 7 59 8 16 9 23 10 27 11 43 12 35 13 18 14 24 15 99 16 21 17 12 18 29 19 31 20 51 
1 40 2 14 3 25 4 91 5 39 6 16 7 79 8 86 9 92 10 64 11 14 12 74 13 79 14 50 15 57 16 9 17 90 18 86 19 27 20 64 
1 57 2 70 3 46 4 11 5 60 6 76 7 23 8 25 9 98 10 87 11 45 12 84 13 37 14 65 15 90 16 47 17 88 18 51 19 48 20 81 
1 40 2 61 3 52 4 96 5 45 6 65 7 81 8 25 9 84 10 57 11 92 12 90 13 4 14 13 15 54 16 56 17 20 18 32 19 90 20 21 
1 70 2 98 3 85 4 26 5 34 6 66 7 77 8 5 9 82 10 19 11 88 12 27 13 65 14 65 15 70 16 11 17 85 18 16 19 98 20 23 
1 94 2 5 3 46 4 68 5 47 6 80 7 20 8 2 9 22 10 55 11 43 12 73 13 61 14 76 15 66 16 71 17 2 18 44 19 62 20 29 
1 25 2 59 3 45 4 37 5 40 6 78 7 83 8 45 9 19 10 21 11 88 12 51 13 38 14 4 15 27 16 34 17 67 18 34 19 16 20 70 
1 74 2 89 3 99 4 23 5 82 6 47 7 9 8 60 9 45 10 8 11 8 12 59 13 82 14 5 15 96 16 63 17 55 18 89 19 80 20 56 
1 41 2 44 3 19 4 62 5 25 6 27 7 43 8 13 9 98 10 23 11 48 12 39 13 82 14 70 15 20 16 70 17 41 18 46 19 81 20 31 
1 82 2 86 3 40 4 98 5 54 6 87 7 69 8 64 9 72 10 54 11 74 12 83 13 96 14 25 15 74 16 1 17 35 18 15 19 36 20 11 
1 76 2 38 3 6 4 81 5 69 6 51 7 14 8 29 9 79 10 61 11 36 12 16 13 97 14 93 15 15 16 27 17 36 18 35 19 43 20 20 
1 98 2 59 3 20 4 90 5 38 6 75 7 74 8 16 9 53 10 77 11 48 12 69 13 79 14 24 15 21 16 73 17 58 18 18 19 7 20 97 
1 10 2 71 3 27 4 80 5 25 6 55 7 66 8 19 9 81 10 93 11 47 12 28 13 1 14 51 15 47 16 25 17 51 18 88 19 12 20 80 
1 32 2 69 3 69 4 31 5 17 6 23 7 79 8 6 9 26 10 48 11 53 12 60 13 84 14 79 15 44 16 8 17 61 18 92 19 74 20 41 
1 70 2 21 3 34 4 70 5 46 6 49 7 16 8 87 9 42 10 76 11 74 12 59 13 34 14 80 15 45 16 12 17 2 18 7 19 44 20 18 
1 99 2 36 3 85 4 89 5 77 6 98 7 46 8 65 9 17 10 93 11 60 12 26 13 67 14 68 15 60 16 79 17 82 18 70 19 47 20 98 
1 17 2 17 3 45 4 17 5 5 6 42 7 6 8 3 9 76 10 12 11 43 12 51 13 77 14 4 15 37 16 14 17 19 18 56 19 95 20 65 
Reldue
-1 2913 -1 2
-1 2342 -1 4
-1 2312 -1 7
-1 1658 -1 1
-1 2102 -1 2
-1 2519 -1 7
-1 1644 -1 1
-1 2606 -1 10
-1 2444 -1 8
-1 2911 -1 9
-1 2065 -1 10
-1 1441 -1 1
-1 1641 -1 2
-1 2034 -1 10
-1 1945 -1 9
-1 2601 -1 8
-1 2969 -1 3
-1 1951 -1 3
-1 1982 -1 8
-1 1925 -1 2
-1 1526 -1 1
-1 2132 -1 2
-1 2487 -1 6
-1 2767 -1 6
-1 1935 -1 3
-1 2751 -1 4
-1 1688 -1 9
-1 1585 -1 8
-1 2710 -1 6
-1 2538 -1 4
-1 1694 -1 10
-1 2053 -1 4
-1 2484 -1 3
-1 2060 -1 1
-1 2712 -1 8
-1 2274 -1 2
-1 2910 -1 5
-1 2077 -1 10
-1 2044 -1 5
-1 2084 -1 4
-1 2519 -1 5
-1 1803 -1 2
-1 2860 -1 5
-1 1892 -1 7
-1 2038 -1 1
-1 1725 -1 8
-1 1758 -1 6
-1 1739 -1 6
-1 1896 -1 3
-1 2847 -1 3
LB 2826
