50 20
1 26 2 64 3 81 4 92 5 82 6 56 7 14 8 77 9 34 10 72 11 83 12 25 13 93 14 49 15 33 16 46 17 5 18 35 19 13 20 2 
1 75 2 38 3 85 4 82 5 92 6 25 7 18 8 68 9 71 10 44 11 65 12 80 13 97 14 24 15 28 16 71 17 90 18 11 19 58 20 28 
1 45 2 15 3 8 4 56 5 80 6 65 7 41 8 28 9 96 10 6 11 54 12 72 13 51 14 60 15 2 16 4 17 9 18 88 19 82 20 69 
1 73 2 33 3 79 4 20 5 26 6 91 7 39 8 60 9 18 10 44 11 19 12 49 13 11 14 48 15 33 16 45 17 41 18 9 19 69 20 34 
1 2 2 96 3 76 4 35 5 73 6 20 7 97 8 85 9 51 10 83 11 60 12 73 13 39 14 40 15 35 16 32 17 5 18 29 19 14 20 58 
1 66 2 91 3 86 4 21 5 18 6 82 7 63 8 5 9 75 10 40 11 36 12 22 13 68 14 36 15 82 16 7 17 59 18 66 19 40 20 73 
1 6 2 38 3 92 4 94 5 51 6 86 7 88 8 11 9 65 10 50 11 81 12 88 13 44 14 13 15 5 16 35 17 5 18 35 19 29 20 88 
1 18 2 86 3 45 4 98 5 52 6 36 7 79 8 67 9 20 10 20 11 83 12 49 13 95 14 52 15 16 16 33 17 25 18 44 19 20 20 88 
1 51 2 74 3 8 4 14 5 35 6 77 7 92 8 58 9 43 10 43 11 60 12 18 13 82 14 77 15 76 16 86 17 44 18 95 19 82 20 92 
1 57 2 39 3 83 4 2 5 31 6 39 7 31 8 74 9 91 10 47 11 48 12 90 13 94 14 60 15 85 16 58 17 28 18 5 19 6 20 84 
1 66 2 43 3 86 4 90 5 99 6 1 7 8 8 66 9 81 10 49 11 79 12 50 13 67 14 67 15 58 16 64 17 93 18 36 19 34 20 11 
1 44 2 49 3 1 4 34 5 88 6 25 7 30 8 76 9 46 10 79 11 21 12 1 13 66 14 10 15 22 16 39 17 95 18 29 19 6 20 49 
1 64 2 59 3 36 4 14 5 79 6 98 7 37 8 52 9 24 10 44 11 95 12 25 13 27 14 31 15 56 16 4 17 47 18 81 19 2 20 87 
1 96 2 68 3 27 4 6 5 80 6 34 7 45 8 30 9 99 10 5 11 56 12 24 13 96 14 78 15 16 16 55 17 98 18 59 19 18 20 70 
1 41 2 63 3 23 4 37 5 32 6 86 7 60 8 51 9 97 10 90 11 68 12 79 13 30 14 26 15 70 16 52 17 55 18 55 19 18 20 3 
1 71 2 60 3 9 4 49 5 78 6 86 7 55 8 10 9 85 10 37 11 60 12 67 13 84 14 30 15 76 16 59 17 86 18 32 19 59 20 99 
1 3 2 7 3 53 4 32 5 83 6 71 7 76 8 66 9 3 10 35 11 66 12 29 13 53 14 83 15 63 16 78 17 31 18 62 19 65 20 54 
1 88 2 43 3 63 4 13 5 23 6 5 7 35 8 12 9 84 10 81 11 50 12 45 13 27 14 18 15 33 16 83 17 81 18 20 19 29 20 89 
1 98 2 69 3 7 4 29 5 34 6 46 7 44 8 83 9 17 10 86 11 42 12 69 13 38 14 56 15 39 16 55 17 59 18 62 19 89 20 86 
1 82 2 84 3 18 4 29 5 13 6 72 7 9 8 60 9 6 10 6 11 53 12 6 13 12 14 23 15 26 16 38 17 1 18 97 19 48 20 82 
1 32 2 75 3 78 4 32 5 95 6 59 7 93 8 73 9 99 10 14 11 57 12 64 13 15 14 22 15 9 16 35 17 32 18 96 19 6 20 8 
1 49 2 35 3 6 4 87 5 55 6 14 7 38 8 73 9 75 10 95 11 59 12 55 13 48 14 34 15 62 16 31 17 79 18 83 19 11 20 21 
1 45 2 14 3 13 4 4 5 11 6 79 7 27 8 72 9 92 10 91 11 50 12 20 13 5 14 49 15 67 16 29 17 69 18 7 19 77 20 90 
1 68 2 99 3 39 4 63 5 46 6 98 7 68 8 8 9 17 10 65 11 33 12 9 13 75 14 3 15 34 16 39 17 72 18 29 19 60 20 15 
1 49 2 86 3 88 4 36 5 14 6 63 7 84 8 88 9 61 10 30 11 30 12 36 13 5 14 15 15 7 16 5 17 10 18 76 19 76 20 83 
1 95 2 25 3 60 4 92 5 1 6 86 7 67 8 85 9 91 10 35 11 12 12 24 13 16 14 46 15 47 16 45 17 25 18 48 19 41 20 92 
1 87 2 53 3 61 4 40 5 49 6 19 7 77 8 28 9 9 10 9 11 54 12 98 13 58 14 24 15 20 16 98 17 14 18 54 19 79 20 74 
1 67 2 48 3 59 4 14 5 71 6 9 7 57 8 20 9 55 10 72 11 55 12 11 13 3 14 84 15 91 16 58 17 33 18 43 19 71 20 37 
1 92 2 66 3 55 4 43 5 12 6 44 7 53 8 38 9 11 10 30 11 95 12 35 13 56 14 57 15 78 16 72 17 12 18 32 19 32 20 92 
1 84 2 84 3 69 4 54 5 82 6 30 7 62 8 64 9 15 10 80 11 38 12 77 13 53 14 4 15 81 16 78 17 76 18 69 19 33 20 77 
1 10 2 41 3 90 4 76 5 96 6 12 7 12 8 5 9 45 10 22 11 93 12 11 13 91 14 21 15 4 16 73 17 59 18 10 19 40 20 50 
1 63 2 80 3 31 4 65 5 28 6 30 7 82 8 47 9 35 10 13 11 42 12 98 13 47 14 82 15 51 16 91 17 98 18 57 19 62 20 22 
1 34 2 9 3 2 4 11 5 34 6 47 7 30 8 65 9 86 10 30 11 97 12 13 13 36 14 53 15 51 16 17 17 23 18 79 19 70 20 11 
1 78 2 59 3 29 4 11 5 51 6 75 7 9 8 94 9 58 10 8 11 81 12 55 13 15 14 50 15 86 16 82 17 80 18 89 19 39 20 71 
1 79 2 66 3 40 4 72 5 26 6 42 7 83 8 14 9 13 10 94 11 76 12 34 13 44 14 23 15 95 16 99 17 24 18 95 19 1 20 36 
1 82 2 88 3 44 4 3 5 63 6 70 7 79 8 87 9 10 10 29 11 11 12 33 13 31 14 59 15 1 16 53 17 31 18 27 19 98 20 7 
1 40 2 65 3 41 4 96 5 78 6 32 7 23 8 66 9 31 10 38 11 22 12 36 13 34 14 10 15 9 16 29 17 16 18 46 19 12 20 72 
1 99 2 62 3 42 4 55 5 44 6 79 7 42 8 86 9 20 10 22 11 65 12 77 13 29 14 79 15 29 16 90 17 15 18 8 19 13 20 76 
1 24 2 80 3 10 4 11 5 9 6 66 7 67 8 33 9 55 10 79 11 4 12 53 13 40 14 13 15 61 16 36 17 15 18 31 19 14 20 42 
1 60 2 31 3 41 4 57 5 1 6 46 7 50 8 64 9 19 10 40 11 75 12 53 13 25 14 41 15 85 16 30 17 28 18 22 19 12 20 64 
1 9 2 3 3 10 4 75 5 79 6 30 7 99 8 59 9 90 10 38 11 40 12 23 13 97 14 88 15 75 16 12 17 13 18 22 19 77 20 44 
1 74 2 78 3 97 4 35 5 24 6 28 7 63 8 60 9 81 10 84 11 64 12 92 13 38 14 27 15 49 16 7 17 89 18 35 19 50 20 4 
1 83 2 34 3 9 4 86 5 22 6 56 7 49 8 9 9 21 10 16 11 56 12 94 13 10 14 41 15 7 16 90 17 58 18 71 19 48 20 97 
1 75 2 38 3 46 4 6 5 2 6 57 7 84 8 17 9 53 10 60 11 72 12 36 13 30 14 46 15 68 16 92 17 30 18 2 19 48 20 40 
1 5 2 46 3 76 4 22 5 58 6 52 7 70 8 25 9 22 10 92 11 27 12 46 13 76 14 63 15 5 16 90 17 79 18 31 19 77 20 40 
1 9 2 86 3 34 4 64 5 49 6 44 7 86 8 95 9 82 10 1 11 8 12 52 13 4 14 86 15 91 16 27 17 85 18 8 19 25 20 32 
1 59 2 9 3 8 4 1 5 82 6 89 7 34 8 40 9 6 10 42 11 47 12 69 13 6 14 7 15 9 16 59 17 38 18 50 19 92 20 48 
1 81 2 71 3 53 4 32 5 80 6 60 7 11 8 56 9 51 10 53 11 38 12 88 13 82 14 91 15 80 16 21 17 46 18 32 19 73 20 96 
1 48 2 19 3 17 4 24 5 35 6 32 7 3 8 72 9 57 10 57 11 82 12 8 13 51 14 4 15 53 16 36 17 34 18 73 19 14 20 56 
1 76 2 81 3 47 4 2 5 63 6 14 7 16 8 49 9 3 10 80 11 57 12 60 13 27 14 35 15 4 16 12 17 79 18 41 19 19 20 34 
Reldue
-1 2408 -1 9
-1 1867 -1 2
-1 2396 -1 3
-1 1515 -1 3
-1 2789 -1 5
-1 1901 -1 4
-1 2998 -1 3
-1 1742 -1 6
-1 2706 -1 6
-1 2016 -1 3
-1 2699 -1 7
-1 2247 -1 2
-1 2473 -1 8
-1 1454 -1 9
-1 1775 -1 4
-1 2321 -1 2
-1 2148 -1 6
-1 2167 -1 4
-1 1961 -1 7
-1 2324 -1 7
-1 2207 -1 7
-1 2221 -1 9
-1 2156 -1 10
-1 3088 -1 4
-1 2004 -1 9
-1 1962 -1 4
-1 3107 -1 1
-1 2867 -1 3
-1 2616 -1 9
-1 2066 -1 8
-1 2305 -1 6
-1 2228 -1 3
-1 2118 -1 2
-1 2048 -1 6
-1 1553 -1 6
-1 2231 -1 8
-1 1564 -1 4
-1 2738 -1 9
-1 3059 -1 4
-1 1810 -1 8
-1 1817 -1 3
-1 1976 -1 6
-1 2951 -1 3
-1 2628 -1 5
-1 1943 -1 10
-1 2132 -1 1
-1 2475 -1 4
-1 2066 -1 3
-1 1735 -1 7
-1 1625 -1 8
LB 2828
