50 20
1 5 2 63 3 91 4 16 5 62 6 24 7 45 8 51 9 9 10 29 11 5 12 90 13 32 14 70 15 2 16 40 17 4 18 89 19 56 20 4 
1 85 2 46 3 4 4 2 5 23 6 32 7 49 8 48 9 74 10 17 11 51 12 86 13 37 14 10 15 33 16 11 17 61 18 48 19 2 20 87 
1 92 2 50 3 19 4 93 5 37 6 99 7 31 8 39 9 3 10 6 11 58 12 74 13 23 14 12 15 3 16 44 17 91 18 62 19 85 20 84 
1 75 2 18 3 15 4 84 5 38 6 88 7 51 8 52 9 15 10 72 11 63 12 91 13 16 14 15 15 77 16 40 17 89 18 47 19 54 20 30 
1 14 2 47 3 54 4 63 5 68 6 3 7 45 8 45 9 64 10 46 11 25 12 10 13 68 14 60 15 80 16 33 17 96 18 6 19 57 20 37 
1 84 2 20 3 12 4 38 5 67 6 56 7 18 8 87 9 30 10 25 11 13 12 72 13 84 14 19 15 63 16 28 17 47 18 34 19 56 20 75 
1 68 2 90 3 73 4 1 5 17 6 24 7 81 8 17 9 77 10 26 11 53 12 5 13 87 14 88 15 30 16 65 17 51 18 23 19 65 20 93 
1 1 2 21 3 65 4 47 5 16 6 66 7 3 8 66 9 1 10 4 11 55 12 45 13 18 14 66 15 19 16 15 17 9 18 64 19 75 20 88 
1 65 2 99 3 90 4 26 5 6 6 8 7 24 8 51 9 14 10 97 11 95 12 95 13 70 14 39 15 60 16 12 17 58 18 62 19 62 20 55 
1 94 2 43 3 99 4 83 5 22 6 86 7 54 8 64 9 96 10 85 11 29 12 96 13 95 14 39 15 36 16 89 17 9 18 81 19 55 20 39 
1 23 2 62 3 81 4 69 5 8 6 87 7 71 8 50 9 42 10 63 11 29 12 4 13 43 14 58 15 91 16 18 17 33 18 68 19 51 20 8 
1 83 2 86 3 45 4 47 5 11 6 35 7 9 8 90 9 96 10 78 11 27 12 80 13 94 14 75 15 15 16 12 17 26 18 94 19 23 20 1 
1 64 2 79 3 33 4 31 5 99 6 81 7 86 8 98 9 8 10 55 11 83 12 75 13 72 14 50 15 63 16 18 17 4 18 88 19 66 20 31 
1 99 2 52 3 71 4 58 5 61 6 44 7 58 8 70 9 25 10 45 11 17 12 68 13 89 14 64 15 38 16 43 17 2 18 52 19 53 20 82 
1 22 2 6 3 22 4 44 5 15 6 60 7 67 8 95 9 89 10 52 11 91 12 99 13 97 14 79 15 22 16 6 17 58 18 45 19 71 20 24 
1 41 2 98 3 3 4 3 5 83 6 92 7 14 8 70 9 84 10 60 11 29 12 70 13 3 14 58 15 45 16 93 17 15 18 29 19 17 20 24 
1 44 2 20 3 95 4 79 5 69 6 37 7 27 8 79 9 77 10 59 11 77 12 22 13 84 14 55 15 32 16 2 17 74 18 87 19 67 20 75 
1 32 2 81 3 66 4 11 5 22 6 80 7 59 8 85 9 76 10 75 11 87 12 83 13 87 14 67 15 63 16 36 17 26 18 21 19 91 20 5 
1 2 2 10 3 19 4 54 5 11 6 10 7 12 8 28 9 26 10 2 11 42 12 79 13 12 14 36 15 29 16 81 17 51 18 55 19 38 20 45 
1 58 2 57 3 21 4 13 5 89 6 66 7 76 8 82 9 12 10 94 11 41 12 72 13 31 14 20 15 2 16 71 17 57 18 68 19 4 20 49 
1 45 2 85 3 70 4 42 5 89 6 25 7 27 8 98 9 30 10 85 11 5 12 19 13 49 14 46 15 51 16 14 17 41 18 48 19 56 20 51 
1 50 2 83 3 30 4 52 5 5 6 73 7 42 8 27 9 16 10 37 11 51 12 86 13 36 14 21 15 54 16 33 17 74 18 55 19 93 20 71 
1 32 2 58 3 20 4 58 5 1 6 93 7 23 8 18 9 57 10 74 11 98 12 64 13 19 14 5 15 25 16 79 17 68 18 45 19 14 20 4 
1 72 2 37 3 35 4 50 5 19 6 97 7 36 8 11 9 49 10 3 11 51 12 4 13 19 14 6 15 86 16 14 17 51 18 3 19 71 20 26 
1 51 2 57 3 47 4 37 5 75 6 46 7 70 8 70 9 46 10 14 11 59 12 46 13 20 14 18 15 59 16 99 17 13 18 89 19 18 20 20 
1 47 2 95 3 12 4 97 5 71 6 45 7 73 8 1 9 85 10 31 11 87 12 86 13 87 14 70 15 86 16 98 17 96 18 82 19 9 20 79 
1 22 2 75 3 50 4 54 5 3 6 46 7 93 8 86 9 9 10 75 11 6 12 49 13 99 14 3 15 83 16 34 17 69 18 38 19 89 20 95 
1 5 2 13 3 14 4 67 5 62 6 69 7 29 8 9 9 49 10 42 11 59 12 55 13 10 14 10 15 18 16 68 17 26 18 8 19 10 20 94 
1 48 2 93 3 46 4 62 5 73 6 1 7 98 8 53 9 20 10 51 11 39 12 9 13 32 14 73 15 64 16 29 17 99 18 30 19 22 20 61 
1 96 2 74 3 48 4 47 5 75 6 92 7 49 8 28 9 81 10 79 11 51 12 76 13 75 14 10 15 58 16 49 17 36 18 17 19 61 20 73 
1 49 2 16 3 29 4 26 5 14 6 9 7 66 8 7 9 48 10 98 11 28 12 90 13 76 14 31 15 62 16 30 17 64 18 3 19 32 20 74 
1 90 2 67 3 18 4 22 5 2 6 83 7 27 8 19 9 20 10 33 11 69 12 34 13 46 14 69 15 49 16 79 17 68 18 20 19 79 20 32 
1 63 2 25 3 13 4 99 5 31 6 51 7 43 8 71 9 1 10 30 11 50 12 28 13 5 14 62 15 28 16 18 17 25 18 53 19 14 20 22 
1 81 2 37 3 98 4 6 5 80 6 62 7 70 8 32 9 84 10 12 11 98 12 48 13 23 14 80 15 57 16 74 17 58 18 91 19 37 20 98 
1 31 2 38 3 65 4 30 5 59 6 20 7 6 8 4 9 44 10 9 11 95 12 75 13 56 14 90 15 83 16 65 17 64 18 81 19 53 20 71 
1 84 2 27 3 12 4 66 5 58 6 97 7 20 8 4 9 75 10 32 11 67 12 36 13 54 14 60 15 97 16 82 17 1 18 23 19 7 20 10 
1 44 2 15 3 64 4 24 5 40 6 81 7 49 8 12 9 74 10 49 11 80 12 84 13 13 14 38 15 37 16 64 17 41 18 64 19 82 20 54 
1 60 2 20 3 17 4 12 5 34 6 34 7 46 8 89 9 74 10 39 11 94 12 30 13 77 14 31 15 3 16 78 17 65 18 72 19 10 20 61 
1 56 2 91 3 95 4 27 5 71 6 88 7 43 8 79 9 2 10 33 11 66 12 6 13 51 14 8 15 32 16 72 17 36 18 91 19 53 20 73 
1 57 2 69 3 61 4 56 5 55 6 58 7 29 8 47 9 46 10 48 11 1 12 39 13 92 14 83 15 13 16 51 17 58 18 4 19 54 20 68 
1 9 2 91 3 16 4 96 5 70 6 13 7 25 8 6 9 77 10 35 11 13 12 13 13 43 14 30 15 61 16 83 17 63 18 44 19 17 20 1 
1 5 2 28 3 24 4 55 5 61 6 92 7 61 8 16 9 48 10 73 11 8 12 55 13 33 14 81 15 44 16 55 17 69 18 50 19 34 20 85 
1 14 2 12 3 39 4 97 5 29 6 81 7 84 8 80 9 48 10 86 11 61 12 17 13 91 14 30 15 85 16 20 17 90 18 87 19 32 20 9 
1 76 2 77 3 90 4 89 5 21 6 28 7 58 8 73 9 83 10 29 11 11 12 74 13 21 14 81 15 66 16 40 17 37 18 2 19 89 20 8 
1 83 2 78 3 22 4 6 5 21 6 77 7 91 8 44 9 15 10 27 11 94 12 99 13 59 14 52 15 16 16 76 17 34 18 49 19 24 20 20 
1 7 2 30 3 30 4 64 5 45 6 81 7 72 8 86 9 87 10 63 11 58 12 49 13 61 14 44 15 74 16 92 17 1 18 85 19 7 20 91 
1 66 2 88 3 99 4 76 5 78 6 20 7 21 8 44 9 89 10 88 11 1 12 72 13 95 14 4 15 19 16 72 17 69 18 56 19 96 20 33 
1 98 2 13 3 3 4 77 5 56 6 14 7 77 8 33 9 42 10 52 11 43 12 2 13 83 14 79 15 8 16 66 17 10 18 43 19 64 20 43 
1 39 2 65 3 82 4 11 5 11 6 91 7 38 8 54 9 51 10 66 11 19 12 89 13 18 14 21 15 3 16 9 17 51 18 61 19 15 20 1 
1 54 2 9 3 76 4 56 5 57 6 65 7 25 8 26 9 56 10 40 11 12 12 53 13 7 14 58 15 82 16 32 17 56 18 93 19 78 20 84 
Reldue
-1 2579 -1 6
-1 1545 -1 4
-1 2322 -1 7
-1 2005 -1 8
-1 2447 -1 4
-1 1837 -1 8
-1 2974 -1 2
-1 3037 -1 5
-1 2824 -1 4
-1 1671 -1 1
-1 2423 -1 4
-1 2059 -1 6
-1 1828 -1 2
-1 1478 -1 6
-1 1636 -1 1
-1 1667 -1 6
-1 2430 -1 9
-1 1789 -1 2
-1 3006 -1 4
-1 1947 -1 10
-1 2518 -1 1
-1 2383 -1 2
-1 1769 -1 7
-1 2635 -1 4
-1 2282 -1 7
-1 2935 -1 8
-1 2954 -1 8
-1 2672 -1 5
-1 2882 -1 5
-1 2294 -1 10
-1 2222 -1 1
-1 1966 -1 5
-1 2613 -1 9
-1 2278 -1 2
-1 2399 -1 4
-1 2522 -1 9
-1 2149 -1 6
-1 2029 -1 4
-1 2394 -1 3
-1 1789 -1 8
-1 2541 -1 2
-1 2518 -1 9
-1 1466 -1 9
-1 1672 -1 1
-1 1448 -1 10
-1 2671 -1 7
-1 1788 -1 7
-1 1431 -1 4
-1 2788 -1 7
-1 2163 -1 7
LB 2810
