50 20
1 79 2 62 3 17 4 74 5 9 6 63 7 28 8 31 9 81 10 8 11 77 12 16 13 54 14 81 15 28 16 45 17 78 18 76 19 66 20 48 
1 31 2 85 3 87 4 19 5 10 6 42 7 63 8 2 9 83 10 17 11 79 12 6 13 59 14 1 15 81 16 5 17 37 18 52 19 28 20 32 
1 3 2 69 3 39 4 84 5 20 6 19 7 8 8 31 9 63 10 12 11 68 12 66 13 56 14 4 15 92 16 79 17 28 18 30 19 34 20 90 
1 86 2 8 3 17 4 95 5 15 6 91 7 32 8 10 9 39 10 48 11 17 12 6 13 35 14 46 15 60 16 25 17 14 18 32 19 33 20 77 
1 45 2 6 3 15 4 48 5 95 6 83 7 1 8 8 9 87 10 17 11 65 12 9 13 91 14 45 15 38 16 95 17 76 18 6 19 23 20 53 
1 70 2 83 3 61 4 92 5 30 6 89 7 98 8 93 9 80 10 71 11 36 12 21 13 50 14 73 15 33 16 83 17 14 18 93 19 19 20 53 
1 82 2 23 3 59 4 84 5 93 6 84 7 50 8 5 9 83 10 37 11 42 12 21 13 33 14 11 15 32 16 16 17 23 18 71 19 10 20 64 
1 95 2 15 3 67 4 58 5 20 6 65 7 9 8 9 9 72 10 13 11 21 12 60 13 73 14 75 15 87 16 73 17 33 18 16 19 70 20 36 
1 63 2 44 3 1 4 3 5 3 6 92 7 66 8 46 9 88 10 2 11 24 12 51 13 87 14 20 15 55 16 25 17 65 18 78 19 74 20 2 
1 10 2 65 3 24 4 40 5 69 6 82 7 92 8 37 9 98 10 88 11 70 12 37 13 19 14 35 15 31 16 78 17 98 18 36 19 30 20 2 
1 83 2 21 3 1 4 35 5 79 6 52 7 31 8 41 9 75 10 70 11 80 12 54 13 20 14 47 15 27 16 86 17 90 18 58 19 18 20 95 
1 65 2 29 3 9 4 15 5 65 6 32 7 46 8 6 9 27 10 42 11 84 12 29 13 76 14 36 15 84 16 56 17 4 18 24 19 4 20 96 
1 3 2 55 3 94 4 39 5 19 6 72 7 65 8 36 9 38 10 2 11 31 12 92 13 32 14 94 15 7 16 8 17 36 18 79 19 10 20 8 
1 90 2 91 3 55 4 32 5 15 6 5 7 86 8 75 9 69 10 97 11 82 12 68 13 80 14 18 15 88 16 12 17 31 18 27 19 9 20 52 
1 62 2 85 3 53 4 75 5 26 6 10 7 32 8 40 9 60 10 23 11 81 12 59 13 45 14 16 15 16 16 96 17 78 18 82 19 58 20 47 
1 20 2 46 3 93 4 84 5 52 6 86 7 17 8 97 9 27 10 95 11 31 12 94 13 79 14 15 15 99 16 9 17 58 18 82 19 41 20 60 
1 59 2 11 3 7 4 59 5 74 6 55 7 94 8 34 9 25 10 19 11 21 12 47 13 90 14 6 15 77 16 46 17 80 18 25 19 39 20 13 
1 2 2 6 3 18 4 12 5 89 6 57 7 84 8 27 9 43 10 58 11 88 12 49 13 9 14 11 15 40 16 4 17 45 18 69 19 95 20 56 
1 95 2 32 3 27 4 97 5 14 6 77 7 55 8 84 9 11 10 34 11 98 12 65 13 37 14 61 15 1 16 73 17 25 18 27 19 6 20 30 
1 64 2 19 3 56 4 77 5 7 6 46 7 86 8 47 9 59 10 63 11 3 12 23 13 96 14 77 15 56 16 39 17 6 18 50 19 59 20 16 
1 87 2 49 3 19 4 60 5 96 6 54 7 19 8 37 9 37 10 68 11 10 12 48 13 1 14 73 15 82 16 65 17 26 18 61 19 37 20 79 
1 6 2 14 3 74 4 70 5 78 6 34 7 65 8 4 9 95 10 46 11 71 12 59 13 53 14 68 15 12 16 66 17 22 18 9 19 32 20 48 
1 78 2 79 3 83 4 67 5 99 6 99 7 85 8 21 9 60 10 58 11 34 12 54 13 97 14 2 15 71 16 91 17 79 18 18 19 27 20 33 
1 32 2 90 3 50 4 70 5 42 6 77 7 80 8 39 9 80 10 82 11 39 12 44 13 29 14 18 15 17 16 74 17 55 18 46 19 35 20 91 
1 68 2 70 3 71 4 91 5 19 6 76 7 95 8 30 9 34 10 95 11 94 12 30 13 48 14 56 15 22 16 71 17 17 18 16 19 84 20 92 
1 71 2 72 3 42 4 14 5 62 6 1 7 47 8 66 9 87 10 81 11 49 12 4 13 78 14 61 15 17 16 12 17 2 18 98 19 58 20 10 
1 51 2 17 3 62 4 66 5 31 6 70 7 55 8 47 9 86 10 11 11 59 12 98 13 83 14 43 15 39 16 35 17 19 18 44 19 57 20 77 
1 8 2 48 3 63 4 94 5 52 6 25 7 37 8 16 9 65 10 50 11 1 12 7 13 27 14 5 15 82 16 13 17 96 18 64 19 99 20 62 
1 95 2 92 3 76 4 63 5 52 6 3 7 97 8 20 9 8 10 77 11 67 12 57 13 1 14 58 15 32 16 87 17 75 18 38 19 65 20 52 
1 13 2 60 3 26 4 40 5 34 6 25 7 8 8 69 9 82 10 70 11 70 12 82 13 21 14 87 15 2 16 75 17 71 18 49 19 56 20 52 
1 98 2 40 3 1 4 31 5 43 6 88 7 72 8 5 9 63 10 26 11 18 12 51 13 64 14 18 15 74 16 2 17 23 18 34 19 28 20 83 
1 30 2 3 3 63 4 56 5 11 6 91 7 54 8 89 9 55 10 10 11 76 12 50 13 17 14 67 15 74 16 30 17 61 18 2 19 78 20 22 
1 26 2 61 3 27 4 15 5 69 6 32 7 17 8 51 9 71 10 93 11 17 12 68 13 51 14 77 15 54 16 62 17 71 18 50 19 70 20 21 
1 7 2 22 3 39 4 95 5 14 6 93 7 16 8 64 9 47 10 20 11 19 12 62 13 23 14 47 15 61 16 87 17 16 18 34 19 94 20 79 
1 83 2 19 3 13 4 41 5 63 6 37 7 8 8 89 9 59 10 79 11 59 12 36 13 11 14 61 15 31 16 89 17 29 18 77 19 99 20 94 
1 90 2 43 3 97 4 43 5 92 6 46 7 49 8 36 9 26 10 21 11 95 12 39 13 74 14 57 15 77 16 6 17 65 18 98 19 10 20 53 
1 47 2 16 3 83 4 17 5 4 6 22 7 68 8 67 9 93 10 84 11 37 12 5 13 34 14 55 15 28 16 48 17 9 18 97 19 27 20 90 
1 75 2 17 3 23 4 69 5 68 6 37 7 86 8 17 9 2 10 97 11 92 12 42 13 73 14 96 15 74 16 32 17 87 18 4 19 53 20 7 
1 63 2 30 3 31 4 91 5 30 6 43 7 52 8 81 9 55 10 8 11 77 12 47 13 7 14 74 15 73 16 41 17 87 18 98 19 8 20 26 
1 37 2 33 3 45 4 37 5 46 6 87 7 9 8 17 9 12 10 88 11 55 12 70 13 65 14 63 15 20 16 45 17 19 18 51 19 59 20 36 
1 15 2 19 3 16 4 30 5 64 6 95 7 15 8 64 9 97 10 28 11 14 12 28 13 37 14 7 15 1 16 28 17 89 18 85 19 68 20 24 
1 86 2 18 3 38 4 79 5 54 6 1 7 44 8 57 9 28 10 26 11 35 12 72 13 73 14 69 15 72 16 43 17 8 18 64 19 5 20 59 
1 64 2 41 3 38 4 20 5 42 6 26 7 19 8 94 9 20 10 43 11 30 12 19 13 1 14 41 15 77 16 26 17 18 18 32 19 54 20 36 
1 72 2 11 3 8 4 81 5 44 6 2 7 99 8 85 9 7 10 17 11 45 12 40 13 68 14 42 15 48 16 58 17 37 18 31 19 94 20 59 
1 79 2 38 3 67 4 68 5 93 6 49 7 68 8 49 9 63 10 70 11 6 12 24 13 49 14 47 15 52 16 92 17 55 18 25 19 53 20 92 
1 31 2 51 3 38 4 98 5 42 6 54 7 33 8 43 9 17 10 54 11 7 12 91 13 78 14 27 15 8 16 59 17 19 18 60 19 95 20 5 
1 77 2 25 3 25 4 85 5 37 6 85 7 56 8 49 9 36 10 68 11 62 12 76 13 66 14 77 15 51 16 6 17 19 18 32 19 46 20 82 
1 95 2 26 3 32 4 30 5 42 6 47 7 33 8 66 9 7 10 70 11 8 12 32 13 74 14 71 15 18 16 13 17 76 18 63 19 15 20 32 
1 86 2 9 3 99 4 9 5 40 6 47 7 11 8 8 9 95 10 29 11 76 12 11 13 85 14 54 15 7 16 59 17 65 18 64 19 32 20 8 
1 49 2 46 3 77 4 73 5 88 6 51 7 1 8 98 9 83 10 41 11 80 12 17 13 13 14 62 15 46 16 91 17 24 18 52 19 21 20 67 
Reldue
-1 1933 -1 6
-1 2635 -1 1
-1 2589 -1 9
-1 2550 -1 2
-1 1685 -1 5
-1 2063 -1 5
-1 2233 -1 4
-1 2331 -1 10
-1 2223 -1 10
-1 1764 -1 10
-1 2717 -1 7
-1 2271 -1 1
-1 2454 -1 10
-1 2001 -1 5
-1 2189 -1 5
-1 2326 -1 9
-1 2615 -1 6
-1 1929 -1 3
-1 2559 -1 1
-1 1435 -1 6
-1 1968 -1 9
-1 1824 -1 7
-1 2078 -1 6
-1 2056 -1 9
-1 2661 -1 8
-1 2744 -1 8
-1 2354 -1 7
-1 2784 -1 9
-1 1971 -1 2
-1 1504 -1 7
-1 3043 -1 10
-1 2343 -1 7
-1 2569 -1 10
-1 2419 -1 9
-1 1910 -1 2
-1 3046 -1 5
-1 2764 -1 7
-1 1665 -1 10
-1 2908 -1 3
-1 2792 -1 5
-1 2339 -1 9
-1 1526 -1 2
-1 2497 -1 1
-1 2643 -1 9
-1 2456 -1 9
-1 2638 -1 2
-1 1482 -1 5
-1 1819 -1 2
-1 1718 -1 7
-1 1734 -1 2
LB 2826
