50 20
1 42 2 70 3 66 4 69 5 32 6 5 7 42 8 97 9 17 10 31 11 59 12 19 13 33 14 66 15 32 16 75 17 35 18 79 19 94 20 78 
1 1 2 29 3 29 4 60 5 9 6 99 7 38 8 18 9 41 10 53 11 15 12 38 13 96 14 55 15 60 16 86 17 16 18 41 19 45 20 17 
1 55 2 73 3 22 4 19 5 21 6 58 7 45 8 19 9 66 10 89 11 42 12 66 13 47 14 44 15 7 16 18 17 13 18 2 19 68 20 25 
1 63 2 93 3 24 4 71 5 66 6 58 7 23 8 63 9 28 10 81 11 37 12 84 13 5 14 3 15 42 16 92 17 20 18 23 19 65 20 28 
1 98 2 39 3 34 4 58 5 87 6 16 7 99 8 69 9 4 10 99 11 38 12 18 13 99 14 85 15 31 16 92 17 44 18 11 19 26 20 63 
1 90 2 35 3 16 4 77 5 38 6 50 7 70 8 66 9 28 10 99 11 68 12 58 13 44 14 38 15 50 16 93 17 24 18 51 19 56 20 81 
1 71 2 76 3 81 4 6 5 87 6 64 7 14 8 82 9 65 10 36 11 64 12 99 13 51 14 27 15 88 16 47 17 24 18 90 19 81 20 83 
1 67 2 23 3 95 4 39 5 19 6 87 7 50 8 38 9 17 10 61 11 66 12 43 13 3 14 54 15 76 16 75 17 32 18 55 19 14 20 66 
1 42 2 99 3 21 4 18 5 61 6 60 7 59 8 25 9 28 10 45 11 56 12 83 13 98 14 7 15 25 16 61 17 35 18 74 19 86 20 92 
1 99 2 39 3 76 4 86 5 84 6 48 7 7 8 17 9 66 10 50 11 66 12 55 13 6 14 95 15 55 16 12 17 46 18 93 19 57 20 91 
1 49 2 82 3 43 4 69 5 28 6 14 7 73 8 34 9 24 10 78 11 29 12 59 13 56 14 78 15 69 16 79 17 96 18 10 19 4 20 74 
1 20 2 38 3 61 4 80 5 17 6 99 7 37 8 10 9 40 10 24 11 18 12 62 13 41 14 91 15 32 16 26 17 35 18 94 19 14 20 46 
1 28 2 25 3 34 4 16 5 92 6 17 7 32 8 26 9 50 10 79 11 45 12 70 13 68 14 11 15 78 16 53 17 12 18 22 19 51 20 69 
1 63 2 14 3 81 4 45 5 28 6 14 7 66 8 97 9 54 10 49 11 5 12 22 13 94 14 27 15 34 16 51 17 82 18 92 19 7 20 17 
1 57 2 59 3 44 4 40 5 59 6 57 7 17 8 64 9 45 10 51 11 91 12 41 13 67 14 19 15 66 16 76 17 50 18 76 19 12 20 55 
1 57 2 55 3 16 4 34 5 51 6 76 7 36 8 76 9 17 10 20 11 3 12 80 13 21 14 46 15 90 16 6 17 8 18 47 19 80 20 42 
1 13 2 91 3 76 4 61 5 11 6 88 7 56 8 93 9 4 10 16 11 22 12 26 13 56 14 61 15 57 16 19 17 67 18 57 19 33 20 68 
1 74 2 41 3 98 4 86 5 64 6 53 7 28 8 21 9 7 10 64 11 30 12 66 13 96 14 91 15 60 16 87 17 85 18 50 19 39 20 52 
1 81 2 38 3 68 4 23 5 60 6 9 7 93 8 86 9 79 10 11 11 29 12 72 13 79 14 77 15 4 16 23 17 24 18 80 19 2 20 72 
1 54 2 91 3 40 4 34 5 63 6 32 7 83 8 45 9 89 10 87 11 25 12 20 13 56 14 75 15 85 16 52 17 33 18 96 19 68 20 11 
1 98 2 10 3 53 4 3 5 24 6 85 7 88 8 83 9 52 10 36 11 57 12 73 13 94 14 47 15 5 16 58 17 1 18 54 19 71 20 3 
1 99 2 87 3 86 4 8 5 15 6 88 7 54 8 76 9 39 10 22 11 10 12 93 13 77 14 55 15 73 16 53 17 50 18 93 19 47 20 5 
1 69 2 76 3 90 4 23 5 98 6 20 7 21 8 27 9 46 10 99 11 48 12 36 13 1 14 12 15 95 16 61 17 91 18 90 19 48 20 86 
1 92 2 28 3 79 4 64 5 28 6 88 7 47 8 26 9 29 10 77 11 81 12 66 13 35 14 79 15 71 16 99 17 71 18 6 19 81 20 68 
1 7 2 41 3 65 4 21 5 33 6 75 7 23 8 50 9 20 10 92 11 47 12 99 13 1 14 67 15 76 16 2 17 81 18 38 19 11 20 86 
1 87 2 58 3 17 4 5 5 12 6 30 7 91 8 36 9 51 10 30 11 42 12 11 13 20 14 98 15 26 16 75 17 30 18 99 19 26 20 75 
1 37 2 12 3 19 4 11 5 42 6 75 7 62 8 66 9 69 10 38 11 42 12 75 13 45 14 26 15 89 16 41 17 80 18 49 19 71 20 49 
1 84 2 92 3 94 4 70 5 17 6 36 7 66 8 1 9 52 10 57 11 37 12 22 13 71 14 70 15 1 16 12 17 10 18 71 19 45 20 26 
1 85 2 91 3 26 4 33 5 75 6 33 7 89 8 93 9 28 10 75 11 18 12 68 13 54 14 41 15 53 16 22 17 1 18 90 19 12 20 49 
1 72 2 93 3 55 4 36 5 93 6 84 7 21 8 75 9 4 10 22 11 41 12 9 13 54 14 67 15 52 16 62 17 56 18 77 19 53 20 3 
1 13 2 73 3 6 4 32 5 99 6 59 7 89 8 35 9 73 10 97 11 48 12 61 13 49 14 91 15 54 16 45 17 20 18 52 19 89 20 85 
1 6 2 29 3 31 4 8 5 42 6 20 7 59 8 55 9 16 10 37 11 54 12 96 13 70 14 26 15 94 16 2 17 9 18 27 19 55 20 78 
1 14 2 70 3 88 4 32 5 76 6 40 7 15 8 95 9 12 10 28 11 36 12 62 13 22 14 92 15 61 16 7 17 11 18 35 19 25 20 97 
1 99 2 54 3 78 4 15 5 38 6 33 7 21 8 91 9 55 10 70 11 58 12 60 13 99 14 26 15 48 16 62 17 64 18 7 19 19 20 26 
1 88 2 60 3 65 4 81 5 87 6 61 7 6 8 40 9 27 10 43 11 60 12 65 13 82 14 62 15 67 16 3 17 77 18 47 19 75 20 95 
1 21 2 90 3 38 4 67 5 74 6 98 7 4 8 55 9 5 10 82 11 58 12 68 13 34 14 97 15 21 16 41 17 99 18 64 19 66 20 63 
1 32 2 90 3 74 4 41 5 70 6 61 7 45 8 92 9 52 10 47 11 91 12 93 13 12 14 54 15 99 16 75 17 2 18 71 19 27 20 23 
1 1 2 90 3 22 4 36 5 42 6 16 7 47 8 11 9 2 10 88 11 96 12 6 13 92 14 70 15 3 16 80 17 59 18 23 19 2 20 32 
1 18 2 90 3 25 4 52 5 1 6 38 7 84 8 38 9 27 10 62 11 98 12 76 13 62 14 50 15 33 16 37 17 13 18 61 19 64 20 72 
1 13 2 68 3 82 4 10 5 48 6 18 7 69 8 15 9 74 10 12 11 72 12 68 13 99 14 88 15 28 16 95 17 84 18 29 19 89 20 65 
1 38 2 2 3 37 4 30 5 65 6 99 7 53 8 28 9 81 10 56 11 57 12 52 13 99 14 50 15 95 16 39 17 20 18 75 19 82 20 23 
1 19 2 1 3 71 4 11 5 3 6 29 7 6 8 20 9 76 10 57 11 63 12 15 13 47 14 97 15 90 16 72 17 97 18 59 19 52 20 20 
1 98 2 78 3 43 4 61 5 16 6 40 7 66 8 73 9 10 10 48 11 29 12 94 13 2 14 9 15 37 16 13 17 74 18 71 19 6 20 97 
1 52 2 49 3 41 4 96 5 21 6 24 7 9 8 20 9 46 10 29 11 6 12 51 13 76 14 86 15 87 16 5 17 14 18 85 19 57 20 36 
1 33 2 58 3 35 4 72 5 43 6 17 7 51 8 21 9 70 10 64 11 45 12 79 13 52 14 82 15 18 16 19 17 79 18 31 19 57 20 91 
1 20 2 28 3 70 4 76 5 66 6 66 7 99 8 66 9 23 10 91 11 92 12 88 13 3 14 55 15 75 16 82 17 6 18 45 19 11 20 58 
1 48 2 16 3 44 4 84 5 22 6 92 7 8 8 35 9 97 10 30 11 59 12 19 13 23 14 49 15 73 16 53 17 80 18 80 19 71 20 90 
1 73 2 49 3 32 4 59 5 97 6 8 7 53 8 55 9 81 10 13 11 99 12 93 13 78 14 49 15 69 16 24 17 10 18 18 19 17 20 27 
1 98 2 83 3 70 4 48 5 7 6 58 7 12 8 40 9 54 10 28 11 74 12 17 13 13 14 93 15 23 16 57 17 61 18 5 19 98 20 87 
1 53 2 74 3 27 4 24 5 28 6 87 7 15 8 18 9 65 10 37 11 43 12 93 13 27 14 59 15 60 16 10 17 59 18 54 19 84 20 4 
Reldue
-1 1750 -1 8
-1 2382 -1 7
-1 1918 -1 5
-1 2037 -1 5
-1 1777 -1 3
-1 2369 -1 10
-1 2201 -1 7
-1 3155 -1 7
-1 2161 -1 4
-1 2569 -1 5
-1 1676 -1 4
-1 3019 -1 8
-1 1612 -1 3
-1 1748 -1 1
-1 2936 -1 9
-1 2257 -1 5
-1 1729 -1 8
-1 3147 -1 3
-1 1666 -1 2
-1 1496 -1 6
-1 2378 -1 2
-1 1647 -1 1
-1 2289 -1 8
-1 2058 -1 3
-1 2343 -1 4
-1 2393 -1 6
-1 1852 -1 3
-1 2962 -1 6
-1 1577 -1 7
-1 2038 -1 1
-1 1683 -1 1
-1 2015 -1 7
-1 2779 -1 8
-1 2287 -1 6
-1 3004 -1 7
-1 1847 -1 7
-1 1828 -1 2
-1 2888 -1 7
-1 2284 -1 7
-1 2708 -1 4
-1 1738 -1 4
-1 2173 -1 1
-1 2292 -1 6
-1 2582 -1 4
-1 2915 -1 10
-1 1747 -1 4
-1 2080 -1 4
-1 2982 -1 2
-1 3007 -1 2
-1 2871 -1 6
LB 2897
