50 20
1 10 2 16 3 65 4 29 5 90 6 94 7 30 8 9 9 74 10 1 11 41 12 37 13 17 14 12 15 55 16 89 17 63 18 34 19 73 20 79 
1 50 2 52 3 55 4 78 5 70 6 14 7 26 8 14 9 93 10 87 11 31 12 31 13 90 14 13 15 66 16 32 17 58 18 37 19 28 20 19 
1 94 2 78 3 23 4 24 5 95 6 12 7 29 8 75 9 89 10 10 11 16 12 19 13 81 14 72 15 89 16 12 17 18 18 47 19 8 20 76 
1 29 2 34 3 85 4 97 5 89 6 45 7 6 8 5 9 72 10 89 11 89 12 51 13 55 14 35 15 16 16 78 17 89 18 16 19 7 20 86 
1 23 2 12 3 13 4 93 5 97 6 63 7 58 8 80 9 43 10 58 11 98 12 51 13 46 14 41 15 90 16 74 17 38 18 1 19 19 20 24 
1 4 2 30 3 17 4 85 5 83 6 15 7 52 8 80 9 18 10 51 11 54 12 26 13 49 14 18 15 33 16 82 17 81 18 42 19 91 20 13 
1 31 2 82 3 18 4 17 5 1 6 32 7 74 8 65 9 39 10 23 11 97 12 67 13 68 14 63 15 96 16 28 17 83 18 63 19 78 20 49 
1 94 2 76 3 87 4 38 5 12 6 22 7 34 8 96 9 44 10 89 11 97 12 74 13 41 14 44 15 91 16 72 17 9 18 86 19 73 20 29 
1 31 2 90 3 26 4 79 5 82 6 86 7 63 8 14 9 42 10 34 11 5 12 88 13 95 14 29 15 40 16 92 17 10 18 8 19 23 20 33 
1 4 2 10 3 53 4 77 5 69 6 31 7 71 8 75 9 31 10 10 11 3 12 66 13 14 14 76 15 53 16 6 17 94 18 85 19 49 20 63 
1 43 2 35 3 41 4 47 5 33 6 95 7 87 8 59 9 70 10 46 11 19 12 51 13 45 14 2 15 64 16 78 17 19 18 28 19 84 20 38 
1 72 2 89 3 16 4 56 5 7 6 45 7 10 8 51 9 1 10 45 11 69 12 15 13 5 14 7 15 43 16 74 17 45 18 91 19 39 20 21 
1 10 2 41 3 17 4 76 5 40 6 59 7 82 8 40 9 50 10 98 11 12 12 79 13 80 14 22 15 70 16 49 17 61 18 59 19 14 20 4 
1 32 2 77 3 88 4 18 5 30 6 70 7 51 8 52 9 21 10 6 11 71 12 62 13 17 14 75 15 5 16 23 17 20 18 86 19 74 20 36 
1 36 2 12 3 42 4 55 5 83 6 20 7 42 8 82 9 62 10 11 11 37 12 1 13 31 14 63 15 86 16 33 17 82 18 14 19 68 20 32 
1 33 2 97 3 39 4 38 5 80 6 60 7 21 8 32 9 90 10 1 11 97 12 26 13 64 14 60 15 3 16 31 17 18 18 60 19 71 20 64 
1 87 2 30 3 72 4 93 5 20 6 1 7 8 8 94 9 43 10 88 11 58 12 81 13 3 14 35 15 59 16 77 17 11 18 80 19 33 20 70 
1 92 2 17 3 6 4 64 5 84 6 76 7 43 8 39 9 58 10 8 11 89 12 97 13 39 14 49 15 28 16 65 17 50 18 91 19 10 20 28 
1 53 2 91 3 58 4 49 5 24 6 26 7 20 8 49 9 98 10 77 11 76 12 94 13 31 14 32 15 29 16 80 17 85 18 22 19 85 20 47 
1 47 2 46 3 95 4 85 5 21 6 50 7 34 8 3 9 98 10 98 11 99 12 13 13 83 14 78 15 67 16 38 17 32 18 57 19 82 20 88 
1 82 2 56 3 98 4 75 5 16 6 80 7 81 8 39 9 56 10 50 11 91 12 3 13 71 14 98 15 6 16 73 17 30 18 20 19 26 20 16 
1 55 2 97 3 83 4 57 5 42 6 91 7 27 8 75 9 9 10 93 11 33 12 72 13 88 14 69 15 87 16 15 17 36 18 85 19 38 20 63 
1 68 2 15 3 38 4 58 5 79 6 35 7 52 8 51 9 51 10 86 11 15 12 53 13 31 14 82 15 11 16 62 17 24 18 2 19 29 20 59 
1 11 2 12 3 2 4 83 5 35 6 12 7 47 8 75 9 37 10 7 11 64 12 61 13 4 14 51 15 60 16 35 17 22 18 17 19 19 20 62 
1 55 2 61 3 22 4 88 5 84 6 72 7 17 8 68 9 39 10 28 11 97 12 88 13 99 14 90 15 17 16 83 17 20 18 97 19 51 20 89 
1 9 2 87 3 76 4 73 5 89 6 27 7 81 8 29 9 27 10 95 11 2 12 92 13 3 14 89 15 61 16 52 17 14 18 78 19 26 20 62 
1 41 2 7 3 38 4 82 5 71 6 39 7 95 8 3 9 37 10 75 11 57 12 26 13 83 14 97 15 59 16 17 17 87 18 41 19 96 20 39 
1 5 2 24 3 59 4 40 5 1 6 39 7 79 8 74 9 27 10 82 11 6 12 2 13 13 14 87 15 1 16 72 17 1 18 59 19 27 20 20 
1 83 2 72 3 6 4 30 5 2 6 62 7 29 8 7 9 86 10 88 11 92 12 4 13 7 14 99 15 92 16 55 17 9 18 73 19 11 20 58 
1 85 2 5 3 88 4 66 5 8 6 73 7 44 8 49 9 89 10 43 11 22 12 88 13 19 14 20 15 79 16 33 17 24 18 88 19 48 20 57 
1 48 2 35 3 97 4 18 5 97 6 97 7 19 8 69 9 3 10 16 11 42 12 72 13 98 14 52 15 70 16 37 17 75 18 29 19 82 20 56 
1 73 2 7 3 17 4 21 5 4 6 49 7 77 8 77 9 59 10 66 11 83 12 24 13 25 14 73 15 55 16 81 17 22 18 55 19 20 20 96 
1 55 2 4 3 99 4 26 5 42 6 15 7 74 8 72 9 39 10 50 11 23 12 98 13 48 14 32 15 47 16 99 17 6 18 15 19 77 20 17 
1 93 2 21 3 83 4 10 5 57 6 38 7 99 8 7 9 31 10 68 11 72 12 71 13 54 14 57 15 14 16 11 17 61 18 34 19 43 20 1 
1 89 2 55 3 57 4 37 5 88 6 67 7 6 8 56 9 18 10 2 11 74 12 52 13 78 14 14 15 98 16 8 17 27 18 11 19 39 20 10 
1 99 2 39 3 55 4 59 5 34 6 23 7 91 8 73 9 55 10 68 11 41 12 93 13 48 14 48 15 3 16 24 17 32 18 66 19 57 20 37 
1 88 2 5 3 79 4 60 5 87 6 31 7 45 8 5 9 88 10 38 11 67 12 60 13 36 14 67 15 58 16 59 17 1 18 53 19 8 20 30 
1 43 2 73 3 81 4 8 5 33 6 85 7 76 8 13 9 81 10 97 11 74 12 66 13 38 14 73 15 40 16 31 17 40 18 70 19 40 20 97 
1 58 2 99 3 25 4 8 5 84 6 42 7 20 8 25 9 33 10 16 11 87 12 34 13 67 14 74 15 15 16 38 17 25 18 84 19 20 20 64 
1 80 2 36 3 70 4 96 5 90 6 58 7 36 8 95 9 67 10 19 11 5 12 76 13 97 14 64 15 13 16 91 17 59 18 75 19 16 20 32 
1 63 2 43 3 39 4 47 5 19 6 40 7 4 8 34 9 56 10 47 11 17 12 56 13 74 14 37 15 33 16 42 17 4 18 13 19 97 20 50 
1 94 2 58 3 49 4 93 5 39 6 67 7 61 8 61 9 98 10 65 11 67 12 9 13 78 14 55 15 22 16 66 17 85 18 57 19 32 20 40 
1 43 2 34 3 15 4 77 5 25 6 86 7 82 8 49 9 10 10 29 11 35 12 77 13 74 14 36 15 86 16 72 17 10 18 30 19 13 20 6 
1 73 2 57 3 38 4 38 5 42 6 74 7 37 8 7 9 22 10 50 11 66 12 54 13 7 14 60 15 3 16 46 17 98 18 94 19 49 20 47 
1 89 2 83 3 37 4 3 5 74 6 36 7 82 8 37 9 29 10 48 11 20 12 3 13 65 14 96 15 68 16 75 17 36 18 54 19 8 20 73 
1 58 2 93 3 63 4 38 5 60 6 45 7 55 8 24 9 7 10 11 11 70 12 22 13 30 14 58 15 17 16 13 17 91 18 20 19 49 20 20 
1 69 2 10 3 48 4 14 5 22 6 44 7 82 8 95 9 68 10 76 11 43 12 53 13 89 14 92 15 43 16 69 17 5 18 87 19 52 20 31 
1 54 2 32 3 79 4 72 5 2 6 15 7 68 8 72 9 46 10 60 11 51 12 55 13 38 14 4 15 66 16 21 17 11 18 63 19 55 20 20 
1 3 2 20 3 96 4 70 5 74 6 96 7 2 8 94 9 15 10 94 11 15 12 97 13 9 14 89 15 63 16 5 17 85 18 10 19 76 20 78 
1 31 2 51 3 47 4 80 5 27 6 92 7 71 8 15 9 8 10 56 11 13 12 84 13 23 14 88 15 24 16 48 17 71 18 94 19 8 20 60 
Reldue
-1 1543 -1 6
-1 2904 -1 5
-1 1942 -1 10
-1 2853 -1 10
-1 1672 -1 2
-1 2647 -1 6
-1 2938 -1 4
-1 1680 -1 4
-1 2700 -1 5
-1 1674 -1 3
-1 1628 -1 6
-1 2181 -1 7
-1 2923 -1 3
-1 2307 -1 10
-1 2404 -1 10
-1 1795 -1 10
-1 1804 -1 5
-1 2916 -1 8
-1 2981 -1 3
-1 1779 -1 1
-1 1923 -1 5
-1 1909 -1 3
-1 2328 -1 9
-1 1830 -1 9
-1 1677 -1 9
-1 2231 -1 2
-1 2608 -1 4
-1 2849 -1 6
-1 2200 -1 3
-1 1479 -1 7
-1 1762 -1 10
-1 1626 -1 5
-1 2496 -1 1
-1 2618 -1 9
-1 1624 -1 10
-1 2518 -1 3
-1 2667 -1 9
-1 2553 -1 6
-1 1524 -1 1
-1 1510 -1 10
-1 2627 -1 8
-1 2214 -1 5
-1 2060 -1 4
-1 2035 -1 5
-1 2592 -1 2
-1 2768 -1 5
-1 1464 -1 3
-1 1926 -1 2
-1 1682 -1 6
-1 2168 -1 1
LB 2777
