50 20
1 73 2 13 3 6 4 1 5 29 6 28 7 72 8 76 9 86 10 48 11 94 12 18 13 32 14 24 15 33 16 63 17 11 18 16 19 69 20 40 
1 38 2 20 3 45 4 78 5 61 6 30 7 80 8 16 9 57 10 50 11 2 12 32 13 97 14 86 15 27 16 35 17 76 18 51 19 66 20 54 
1 71 2 42 3 35 4 41 5 23 6 64 7 80 8 57 9 29 10 5 11 8 12 67 13 43 14 97 15 8 16 25 17 61 18 46 19 84 20 50 
1 54 2 30 3 77 4 89 5 77 6 34 7 3 8 89 9 43 10 82 11 52 12 63 13 24 14 94 15 99 16 88 17 19 18 91 19 91 20 17 
1 78 2 91 3 33 4 71 5 5 6 29 7 85 8 36 9 29 10 70 11 55 12 65 13 74 14 85 15 57 16 47 17 39 18 36 19 15 20 83 
1 93 2 91 3 53 4 83 5 42 6 36 7 68 8 20 9 80 10 81 11 33 12 55 13 34 14 35 15 34 16 29 17 88 18 61 19 9 20 11 
1 76 2 44 3 78 4 62 5 99 6 80 7 86 8 77 9 64 10 68 11 45 12 61 13 28 14 42 15 85 16 85 17 63 18 92 19 1 20 69 
1 14 2 6 3 60 4 4 5 53 6 49 7 12 8 66 9 75 10 69 11 38 12 28 13 85 14 28 15 73 16 20 17 96 18 58 19 32 20 18 
1 18 2 71 3 72 4 49 5 26 6 32 7 40 8 89 9 36 10 43 11 69 12 26 13 58 14 11 15 48 16 35 17 44 18 35 19 69 20 67 
1 81 2 78 3 18 4 24 5 61 6 54 7 41 8 11 9 55 10 71 11 56 12 96 13 90 14 5 15 86 16 97 17 47 18 12 19 10 20 27 
1 63 2 69 3 97 4 60 5 71 6 3 7 13 8 69 9 66 10 9 11 7 12 6 13 91 14 83 15 34 16 44 17 90 18 54 19 94 20 46 
1 6 2 35 3 23 4 33 5 1 6 79 7 68 8 78 9 89 10 94 11 52 12 91 13 40 14 1 15 23 16 17 17 60 18 38 19 37 20 49 
1 85 2 27 3 63 4 27 5 56 6 9 7 88 8 94 9 18 10 57 11 85 12 68 13 93 14 95 15 36 16 50 17 20 18 12 19 33 20 76 
1 76 2 88 3 73 4 59 5 40 6 71 7 20 8 94 9 52 10 76 11 25 12 82 13 50 14 72 15 43 16 21 17 34 18 67 19 82 20 15 
1 7 2 56 3 28 4 37 5 51 6 95 7 18 8 28 9 35 10 42 11 51 12 60 13 31 14 88 15 72 16 31 17 10 18 8 19 8 20 78 
1 32 2 18 3 14 4 26 5 46 6 85 7 86 8 43 9 46 10 88 11 5 12 51 13 57 14 95 15 50 16 27 17 76 18 37 19 4 20 16 
1 99 2 93 3 28 4 82 5 5 6 40 7 92 8 66 9 32 10 62 11 11 12 4 13 89 14 23 15 32 16 96 17 24 18 56 19 80 20 8 
1 30 2 86 3 53 4 88 5 1 6 24 7 70 8 49 9 23 10 90 11 85 12 38 13 54 14 97 15 13 16 78 17 2 18 51 19 38 20 54 
1 39 2 81 3 10 4 50 5 87 6 39 7 93 8 11 9 16 10 37 11 43 12 27 13 86 14 87 15 80 16 37 17 61 18 59 19 58 20 48 
1 2 2 12 3 47 4 39 5 60 6 60 7 99 8 79 9 55 10 36 11 16 12 70 13 38 14 7 15 73 16 80 17 16 18 50 19 32 20 98 
1 75 2 15 3 81 4 19 5 90 6 59 7 66 8 42 9 31 10 62 11 88 12 73 13 39 14 70 15 10 16 25 17 12 18 47 19 1 20 4 
1 85 2 49 3 31 4 93 5 35 6 82 7 7 8 19 9 94 10 47 11 95 12 20 13 23 14 98 15 40 16 46 17 74 18 47 19 96 20 58 
1 62 2 37 3 4 4 98 5 57 6 5 7 55 8 35 9 88 10 36 11 77 12 43 13 3 14 11 15 38 16 40 17 73 18 17 19 92 20 32 
1 65 2 57 3 43 4 43 5 36 6 94 7 3 8 48 9 95 10 30 11 80 12 32 13 94 14 41 15 2 16 23 17 21 18 25 19 13 20 65 
1 75 2 78 3 89 4 36 5 51 6 96 7 58 8 90 9 76 10 15 11 87 12 47 13 72 14 47 15 13 16 37 17 28 18 29 19 62 20 22 
1 44 2 34 3 46 4 66 5 99 6 75 7 30 8 76 9 72 10 97 11 12 12 54 13 2 14 85 15 74 16 93 17 19 18 97 19 19 20 32 
1 80 2 70 3 77 4 6 5 10 6 63 7 33 8 23 9 3 10 74 11 14 12 6 13 31 14 93 15 56 16 92 17 11 18 74 19 58 20 71 
1 73 2 27 3 94 4 49 5 69 6 3 7 29 8 35 9 11 10 67 11 72 12 81 13 44 14 70 15 69 16 55 17 75 18 87 19 13 20 46 
1 26 2 77 3 65 4 68 5 24 6 1 7 41 8 16 9 54 10 31 11 24 12 73 13 90 14 65 15 9 16 10 17 26 18 68 19 94 20 11 
1 69 2 46 3 22 4 40 5 90 6 22 7 11 8 32 9 91 10 5 11 36 12 90 13 98 14 48 15 96 16 30 17 63 18 33 19 40 20 46 
1 56 2 93 3 6 4 31 5 76 6 26 7 27 8 90 9 10 10 44 11 60 12 75 13 23 14 90 15 81 16 90 17 16 18 81 19 44 20 15 
1 67 2 8 3 18 4 39 5 87 6 92 7 14 8 20 9 23 10 90 11 38 12 8 13 23 14 83 15 84 16 34 17 7 18 16 19 58 20 87 
1 92 2 81 3 17 4 62 5 29 6 49 7 34 8 52 9 60 10 46 11 16 12 85 13 62 14 24 15 99 16 37 17 29 18 69 19 13 20 59 
1 43 2 60 3 60 4 35 5 97 6 35 7 99 8 71 9 62 10 73 11 20 12 75 13 82 14 23 15 66 16 17 17 67 18 51 19 87 20 91 
1 1 2 18 3 23 4 23 5 35 6 43 7 81 8 64 9 40 10 70 11 63 12 1 13 3 14 46 15 36 16 76 17 40 18 80 19 84 20 33 
1 28 2 56 3 24 4 8 5 94 6 99 7 81 8 98 9 26 10 72 11 56 12 82 13 36 14 55 15 12 16 53 17 97 18 54 19 62 20 17 
1 89 2 74 3 60 4 57 5 8 6 9 7 18 8 27 9 27 10 13 11 93 12 50 13 73 14 43 15 25 16 73 17 89 18 81 19 72 20 43 
1 8 2 92 3 90 4 97 5 42 6 19 7 40 8 68 9 36 10 26 11 16 12 40 13 92 14 54 15 40 16 97 17 66 18 23 19 89 20 38 
1 6 2 97 3 85 4 27 5 54 6 55 7 97 8 10 9 25 10 45 11 53 12 4 13 14 14 25 15 46 16 19 17 58 18 92 19 81 20 84 
1 95 2 22 3 7 4 23 5 80 6 75 7 72 8 19 9 34 10 72 11 36 12 41 13 93 14 12 15 20 16 25 17 76 18 74 19 71 20 57 
1 20 2 60 3 57 4 30 5 40 6 78 7 21 8 8 9 4 10 74 11 49 12 87 13 64 14 30 15 61 16 35 17 89 18 32 19 75 20 51 
1 45 2 76 3 37 4 12 5 73 6 45 7 20 8 73 9 24 10 16 11 14 12 70 13 82 14 27 15 81 16 22 17 83 18 25 19 45 20 60 
1 99 2 89 3 48 4 12 5 40 6 21 7 24 8 64 9 45 10 41 11 75 12 58 13 28 14 19 15 7 16 21 17 85 18 19 19 17 20 2 
1 7 2 14 3 60 4 61 5 77 6 74 7 37 8 65 9 54 10 6 11 49 12 97 13 91 14 4 15 90 16 39 17 89 18 60 19 12 20 62 
1 74 2 12 3 98 4 5 5 48 6 24 7 39 8 54 9 49 10 8 11 33 12 77 13 74 14 18 15 73 16 25 17 6 18 67 19 57 20 44 
1 39 2 65 3 14 4 67 5 97 6 35 7 36 8 11 9 74 10 64 11 64 12 49 13 14 14 87 15 77 16 14 17 61 18 5 19 66 20 39 
1 4 2 89 3 77 4 71 5 90 6 88 7 72 8 76 9 46 10 23 11 29 12 88 13 80 14 5 15 60 16 89 17 7 18 57 19 66 20 6 
1 56 2 77 3 21 4 29 5 59 6 14 7 10 8 79 9 69 10 31 11 35 12 82 13 80 14 99 15 14 16 39 17 22 18 2 19 42 20 84 
1 31 2 70 3 53 4 52 5 98 6 23 7 59 8 21 9 15 10 48 11 53 12 15 13 55 14 58 15 25 16 45 17 89 18 99 19 45 20 96 
1 32 2 46 3 36 4 57 5 31 6 96 7 83 8 95 9 37 10 17 11 22 12 64 13 80 14 61 15 60 16 9 17 27 18 72 19 36 20 8 
Reldue
-1 2434 -1 4
-1 2929 -1 4
-1 1874 -1 6
-1 1763 -1 7
-1 1980 -1 2
-1 1665 -1 3
-1 2505 -1 9
-1 2136 -1 3
-1 2784 -1 5
-1 2937 -1 6
-1 2697 -1 10
-1 2932 -1 2
-1 2743 -1 7
-1 3038 -1 4
-1 2280 -1 2
-1 2341 -1 6
-1 1557 -1 7
-1 2370 -1 4
-1 2093 -1 6
-1 2389 -1 2
-1 2634 -1 2
-1 2817 -1 8
-1 1515 -1 7
-1 1766 -1 10
-1 2497 -1 8
-1 1947 -1 7
-1 2477 -1 8
-1 3122 -1 7
-1 2316 -1 10
-1 2718 -1 3
-1 2410 -1 6
-1 2928 -1 3
-1 2828 -1 1
-1 2974 -1 6
-1 2499 -1 8
-1 2308 -1 7
-1 2768 -1 1
-1 2439 -1 10
-1 2690 -1 7
-1 3065 -1 8
-1 2548 -1 2
-1 1877 -1 3
-1 2585 -1 6
-1 1531 -1 1
-1 2893 -1 1
-1 3064 -1 5
-1 2180 -1 7
-1 1863 -1 10
-1 2707 -1 3
-1 2394 -1 2
LB 2839
