50 20
1 68 2 85 3 6 4 91 5 9 6 84 7 64 8 49 9 86 10 61 11 50 12 75 13 28 14 14 15 10 16 62 17 16 18 94 19 99 20 60 
1 19 2 15 3 94 4 57 5 10 6 52 7 69 8 54 9 54 10 72 11 60 12 43 13 27 14 67 15 10 16 82 17 16 18 93 19 92 20 64 
1 87 2 32 3 21 4 46 5 22 6 73 7 93 8 29 9 96 10 48 11 11 12 65 13 8 14 46 15 3 16 39 17 72 18 96 19 37 20 90 
1 61 2 92 3 69 4 38 5 67 6 83 7 39 8 55 9 87 10 40 11 47 12 7 13 96 14 33 15 74 16 99 17 8 18 10 19 99 20 43 
1 20 2 60 3 49 4 10 5 17 6 79 7 56 8 56 9 21 10 99 11 88 12 99 13 25 14 7 15 29 16 6 17 67 18 20 19 76 20 12 
1 47 2 93 3 73 4 56 5 90 6 15 7 40 8 16 9 20 10 59 11 44 12 16 13 29 14 33 15 42 16 17 17 75 18 34 19 67 20 71 
1 63 2 8 3 84 4 9 5 35 6 42 7 46 8 23 9 77 10 93 11 86 12 50 13 36 14 30 15 30 16 65 17 49 18 61 19 57 20 71 
1 40 2 25 3 98 4 33 5 25 6 80 7 42 8 15 9 78 10 86 11 61 12 11 13 3 14 30 15 95 16 3 17 13 18 99 19 72 20 8 
1 72 2 55 3 62 4 11 5 36 6 51 7 16 8 53 9 82 10 71 11 52 12 20 13 49 14 69 15 41 16 64 17 69 18 87 19 45 20 49 
1 99 2 68 3 30 4 75 5 47 6 90 7 7 8 91 9 77 10 75 11 59 12 29 13 51 14 13 15 87 16 28 17 82 18 82 19 74 20 20 
1 48 2 93 3 97 4 99 5 25 6 65 7 82 8 45 9 52 10 99 11 40 12 77 13 86 14 34 15 66 16 71 17 58 18 89 19 33 20 22 
1 37 2 73 3 18 4 87 5 1 6 7 7 21 8 6 9 46 10 2 11 82 12 15 13 34 14 83 15 84 16 39 17 16 18 20 19 15 20 44 
1 52 2 85 3 43 4 81 5 85 6 88 7 7 8 44 9 42 10 24 11 9 12 50 13 71 14 91 15 83 16 78 17 2 18 12 19 78 20 5 
1 85 2 27 3 63 4 22 5 43 6 22 7 13 8 91 9 76 10 85 11 72 12 29 13 96 14 51 15 49 16 94 17 20 18 32 19 2 20 5 
1 30 2 60 3 3 4 95 5 74 6 94 7 36 8 46 9 61 10 35 11 62 12 33 13 89 14 53 15 60 16 36 17 82 18 10 19 89 20 66 
1 58 2 7 3 11 4 76 5 44 6 3 7 91 8 34 9 99 10 61 11 82 12 13 13 65 14 23 15 83 16 71 17 86 18 69 19 14 20 41 
1 4 2 33 3 98 4 84 5 70 6 3 7 62 8 86 9 28 10 42 11 41 12 4 13 70 14 55 15 41 16 74 17 79 18 8 19 2 20 62 
1 29 2 78 3 93 4 75 5 8 6 64 7 46 8 52 9 20 10 41 11 47 12 99 13 70 14 11 15 55 16 87 17 87 18 74 19 92 20 52 
1 41 2 62 3 50 4 3 5 27 6 95 7 3 8 76 9 72 10 66 11 25 12 80 13 88 14 37 15 88 16 10 17 47 18 35 19 98 20 7 
1 35 2 94 3 14 4 71 5 40 6 6 7 93 8 37 9 85 10 18 11 78 12 22 13 68 14 84 15 70 16 49 17 14 18 23 19 21 20 34 
1 22 2 98 3 15 4 99 5 47 6 25 7 84 8 66 9 22 10 24 11 41 12 51 13 50 14 31 15 88 16 40 17 36 18 95 19 39 20 35 
1 62 2 53 3 76 4 12 5 26 6 89 7 70 8 54 9 23 10 68 11 99 12 96 13 81 14 72 15 68 16 11 17 63 18 43 19 76 20 75 
1 11 2 22 3 6 4 45 5 21 6 93 7 66 8 27 9 17 10 2 11 44 12 82 13 11 14 73 15 38 16 5 17 5 18 33 19 99 20 62 
1 79 2 60 3 56 4 27 5 71 6 16 7 56 8 45 9 32 10 98 11 98 12 53 13 14 14 34 15 45 16 74 17 69 18 16 19 7 20 34 
1 4 2 76 3 66 4 24 5 54 6 66 7 34 8 10 9 37 10 39 11 76 12 11 13 48 14 25 15 83 16 94 17 97 18 72 19 88 20 14 
1 23 2 52 3 29 4 49 5 51 6 37 7 63 8 27 9 98 10 11 11 83 12 36 13 12 14 19 15 3 16 55 17 2 18 68 19 15 20 59 
1 82 2 69 3 23 4 22 5 76 6 12 7 5 8 39 9 60 10 46 11 39 12 8 13 97 14 63 15 79 16 67 17 13 18 7 19 45 20 96 
1 88 2 52 3 51 4 4 5 37 6 29 7 98 8 58 9 70 10 92 11 84 12 70 13 14 14 37 15 34 16 1 17 90 18 64 19 87 20 16 
1 96 2 19 3 68 4 91 5 55 6 53 7 87 8 2 9 99 10 60 11 1 12 97 13 34 14 23 15 58 16 31 17 14 18 90 19 85 20 39 
1 91 2 35 3 9 4 87 5 42 6 91 7 14 8 95 9 13 10 60 11 71 12 28 13 66 14 19 15 10 16 22 17 32 18 71 19 99 20 6 
1 56 2 17 3 84 4 72 5 61 6 78 7 33 8 57 9 62 10 83 11 49 12 86 13 76 14 43 15 95 16 16 17 69 18 64 19 53 20 15 
1 17 2 82 3 36 4 33 5 82 6 77 7 80 8 4 9 13 10 50 11 23 12 17 13 28 14 10 15 52 16 63 17 92 18 11 19 82 20 59 
1 3 2 20 3 75 4 6 5 59 6 72 7 23 8 12 9 1 10 32 11 53 12 59 13 1 14 84 15 66 16 21 17 74 18 22 19 25 20 17 
1 61 2 34 3 53 4 97 5 64 6 80 7 10 8 5 9 33 10 76 11 56 12 75 13 2 14 66 15 18 16 79 17 34 18 61 19 87 20 86 
1 33 2 48 3 23 4 54 5 68 6 5 7 13 8 10 9 92 10 8 11 39 12 95 13 16 14 74 15 65 16 70 17 26 18 20 19 6 20 85 
1 3 2 24 3 7 4 60 5 83 6 6 7 38 8 58 9 46 10 98 11 71 12 9 13 12 14 9 15 89 16 55 17 14 18 67 19 32 20 48 
1 72 2 96 3 50 4 60 5 93 6 27 7 55 8 59 9 94 10 87 11 97 12 74 13 66 14 22 15 51 16 55 17 70 18 16 19 96 20 11 
1 60 2 22 3 51 4 39 5 53 6 56 7 39 8 89 9 35 10 23 11 78 12 69 13 22 14 65 15 68 16 86 17 43 18 18 19 80 20 26 
1 34 2 82 3 93 4 11 5 47 6 54 7 96 8 84 9 67 10 50 11 96 12 14 13 8 14 11 15 22 16 8 17 40 18 95 19 1 20 26 
1 6 2 62 3 30 4 94 5 69 6 17 7 36 8 43 9 88 10 77 11 87 12 65 13 88 14 58 15 29 16 76 17 30 18 93 19 97 20 48 
1 76 2 88 3 97 4 51 5 20 6 11 7 37 8 33 9 30 10 90 11 49 12 84 13 47 14 67 15 49 16 78 17 33 18 45 19 9 20 59 
1 4 2 76 3 99 4 33 5 94 6 70 7 58 8 23 9 68 10 43 11 36 12 70 13 26 14 33 15 63 16 58 17 75 18 42 19 90 20 2 
1 20 2 45 3 72 4 83 5 99 6 17 7 74 8 76 9 5 10 26 11 80 12 69 13 41 14 94 15 42 16 15 17 71 18 51 19 85 20 76 
1 92 2 80 3 73 4 96 5 3 6 90 7 88 8 69 9 9 10 14 11 65 12 63 13 96 14 40 15 67 16 64 17 63 18 7 19 75 20 69 
1 91 2 37 3 30 4 87 5 34 6 14 7 97 8 84 9 23 10 28 11 56 12 25 13 14 14 66 15 59 16 18 17 24 18 31 19 17 20 52 
1 67 2 30 3 8 4 81 5 60 6 76 7 22 8 50 9 38 10 13 11 89 12 55 13 88 14 83 15 52 16 62 17 75 18 99 19 31 20 38 
1 47 2 87 3 68 4 18 5 53 6 20 7 60 8 17 9 97 10 44 11 97 12 91 13 64 14 20 15 50 16 26 17 24 18 90 19 71 20 21 
1 27 2 20 3 67 4 96 5 11 6 28 7 45 8 99 9 42 10 55 11 45 12 99 13 35 14 11 15 78 16 83 17 23 18 81 19 23 20 23 
1 61 2 85 3 50 4 10 5 89 6 89 7 81 8 2 9 93 10 75 11 43 12 73 13 91 14 92 15 34 16 16 17 85 18 29 19 81 20 74 
1 51 2 36 3 15 4 96 5 36 6 57 7 50 8 53 9 16 10 26 11 14 12 76 13 20 14 53 15 75 16 62 17 25 18 29 19 82 20 89 
Reldue
-1 2738 -1 1
-1 1987 -1 4
-1 2893 -1 2
-1 2985 -1 5
-1 2053 -1 3
-1 1722 -1 9
-1 2007 -1 9
-1 2369 -1 3
-1 2875 -1 4
-1 2615 -1 3
-1 2975 -1 6
-1 1481 -1 2
-1 3177 -1 8
-1 2337 -1 3
-1 3056 -1 4
-1 2871 -1 5
-1 3172 -1 1
-1 2521 -1 1
-1 2907 -1 6
-1 1972 -1 9
-1 3137 -1 8
-1 1753 -1 4
-1 1589 -1 3
-1 3091 -1 1
-1 1522 -1 7
-1 2187 -1 5
-1 2071 -1 7
-1 1487 -1 9
-1 2035 -1 1
-1 2722 -1 10
-1 2996 -1 8
-1 2812 -1 9
-1 2556 -1 2
-1 2436 -1 5
-1 1794 -1 5
-1 1693 -1 2
-1 3223 -1 1
-1 2390 -1 5
-1 1488 -1 5
-1 1660 -1 2
-1 2059 -1 3
-1 1527 -1 2
-1 2206 -1 6
-1 1664 -1 3
-1 2298 -1 9
-1 2315 -1 7
-1 2828 -1 5
-1 3080 -1 10
-1 1697 -1 4
-1 2946 -1 5
LB 2955
