50 20
1 84 2 41 3 74 4 55 5 32 6 77 7 92 8 40 9 91 10 26 11 52 12 7 13 46 14 13 15 50 16 67 17 76 18 86 19 70 20 65 
1 13 2 22 3 49 4 42 5 80 6 91 7 63 8 58 9 20 10 34 11 60 12 40 13 16 14 37 15 66 16 2 17 44 18 16 19 87 20 84 
1 59 2 26 3 67 4 75 5 36 6 97 7 57 8 14 9 61 10 23 11 39 12 32 13 95 14 79 15 1 16 22 17 7 18 33 19 99 20 33 
1 15 2 32 3 79 4 84 5 81 6 71 7 67 8 83 9 86 10 56 11 28 12 63 13 44 14 75 15 72 16 43 17 84 18 22 19 7 20 69 
1 23 2 44 3 9 4 86 5 63 6 33 7 61 8 12 9 2 10 42 11 27 12 38 13 42 14 57 15 40 16 82 17 33 18 54 19 36 20 24 
1 30 2 43 3 39 4 5 5 94 6 33 7 51 8 86 9 28 10 34 11 92 12 96 13 35 14 1 15 92 16 12 17 63 18 97 19 89 20 55 
1 90 2 79 3 42 4 71 5 86 6 6 7 8 8 5 9 17 10 10 11 57 12 49 13 44 14 63 15 71 16 32 17 3 18 1 19 16 20 33 
1 49 2 16 3 62 4 3 5 35 6 23 7 43 8 67 9 90 10 2 11 79 12 54 13 81 14 64 15 85 16 88 17 71 18 3 19 60 20 46 
1 24 2 24 3 89 4 86 5 32 6 61 7 4 8 50 9 63 10 10 11 22 12 66 13 81 14 82 15 12 16 69 17 81 18 93 19 30 20 11 
1 81 2 72 3 21 4 34 5 73 6 18 7 7 8 37 9 11 10 50 11 36 12 26 13 43 14 82 15 31 16 53 17 1 18 10 19 42 20 30 
1 97 2 25 3 5 4 3 5 85 6 2 7 42 8 55 9 78 10 19 11 99 12 57 13 4 14 36 15 22 16 77 17 58 18 87 19 82 20 1 
1 69 2 85 3 22 4 53 5 73 6 94 7 22 8 97 9 61 10 68 11 61 12 10 13 14 14 82 15 36 16 7 17 63 18 72 19 42 20 48 
1 42 2 89 3 53 4 98 5 56 6 59 7 88 8 82 9 54 10 49 11 27 12 49 13 21 14 52 15 81 16 16 17 73 18 10 19 96 20 68 
1 70 2 17 3 25 4 93 5 72 6 48 7 43 8 88 9 93 10 50 11 40 12 6 13 9 14 53 15 4 16 5 17 73 18 81 19 20 20 9 
1 87 2 93 3 7 4 72 5 68 6 69 7 4 8 64 9 78 10 42 11 84 12 1 13 29 14 14 15 35 16 11 17 78 18 17 19 65 20 85 
1 20 2 82 3 66 4 17 5 48 6 82 7 48 8 12 9 69 10 41 11 54 12 94 13 6 14 55 15 85 16 76 17 97 18 62 19 43 20 87 
1 82 2 45 3 91 4 85 5 42 6 94 7 30 8 59 9 31 10 78 11 82 12 37 13 61 14 85 15 47 16 76 17 11 18 40 19 1 20 17 
1 31 2 80 3 82 4 37 5 75 6 68 7 33 8 96 9 46 10 9 11 44 12 34 13 81 14 50 15 36 16 96 17 44 18 32 19 58 20 90 
1 29 2 33 3 28 4 52 5 98 6 61 7 13 8 56 9 83 10 69 11 32 12 57 13 14 14 3 15 14 16 93 17 43 18 6 19 66 20 76 
1 3 2 96 3 55 4 66 5 42 6 67 7 27 8 44 9 66 10 51 11 88 12 30 13 77 14 70 15 10 16 78 17 10 18 51 19 37 20 41 
1 90 2 99 3 87 4 60 5 85 6 83 7 34 8 4 9 87 10 33 11 22 12 8 13 39 14 91 15 14 16 62 17 55 18 62 19 8 20 14 
1 81 2 92 3 79 4 17 5 3 6 68 7 92 8 88 9 83 10 19 11 23 12 58 13 96 14 42 15 17 16 77 17 95 18 64 19 17 20 98 
1 90 2 78 3 34 4 39 5 2 6 17 7 29 8 5 9 66 10 14 11 36 12 51 13 66 14 55 15 66 16 62 17 89 18 78 19 90 20 29 
1 17 2 78 3 48 4 53 5 76 6 52 7 84 8 96 9 43 10 33 11 49 12 13 13 12 14 22 15 26 16 72 17 70 18 28 19 92 20 95 
1 15 2 13 3 43 4 45 5 77 6 21 7 35 8 84 9 41 10 45 11 73 12 90 13 44 14 89 15 77 16 43 17 18 18 41 19 56 20 59 
1 32 2 88 3 57 4 21 5 19 6 85 7 72 8 87 9 16 10 2 11 25 12 52 13 54 14 42 15 57 16 45 17 36 18 10 19 78 20 45 
1 10 2 49 3 45 4 12 5 62 6 34 7 45 8 19 9 38 10 83 11 12 12 79 13 1 14 61 15 76 16 72 17 50 18 57 19 88 20 99 
1 18 2 1 3 68 4 19 5 37 6 2 7 64 8 34 9 34 10 37 11 17 12 42 13 64 14 53 15 94 16 98 17 43 18 73 19 53 20 91 
1 94 2 3 3 50 4 18 5 61 6 62 7 48 8 71 9 62 10 48 11 73 12 75 13 69 14 22 15 91 16 63 17 74 18 11 19 12 20 55 
1 58 2 62 3 80 4 92 5 56 6 40 7 81 8 90 9 56 10 10 11 70 12 75 13 93 14 5 15 17 16 13 17 52 18 70 19 50 20 77 
1 3 2 37 3 47 4 53 5 47 6 53 7 17 8 9 9 84 10 29 11 51 12 59 13 95 14 37 15 5 16 40 17 98 18 97 19 19 20 43 
1 55 2 77 3 69 4 54 5 59 6 32 7 66 8 65 9 87 10 41 11 14 12 71 13 72 14 54 15 14 16 33 17 8 18 49 19 36 20 88 
1 73 2 48 3 53 4 82 5 93 6 52 7 21 8 48 9 90 10 50 11 65 12 37 13 67 14 38 15 56 16 33 17 87 18 8 19 31 20 73 
1 5 2 98 3 50 4 59 5 73 6 7 7 24 8 91 9 17 10 94 11 75 12 2 13 35 14 82 15 12 16 31 17 63 18 90 19 49 20 35 
1 2 2 85 3 8 4 6 5 82 6 59 7 65 8 25 9 21 10 62 11 93 12 4 13 58 14 60 15 63 16 49 17 99 18 52 19 75 20 9 
1 17 2 21 3 77 4 98 5 15 6 50 7 70 8 73 9 58 10 69 11 3 12 95 13 32 14 52 15 56 16 11 17 70 18 54 19 62 20 89 
1 13 2 87 3 13 4 62 5 81 6 6 7 42 8 6 9 65 10 28 11 98 12 74 13 28 14 97 15 6 16 8 17 74 18 32 19 46 20 66 
1 41 2 36 3 3 4 82 5 56 6 19 7 64 8 92 9 29 10 52 11 37 12 25 13 92 14 8 15 40 16 47 17 28 18 87 19 32 20 95 
1 70 2 95 3 67 4 79 5 17 6 33 7 41 8 53 9 16 10 91 11 79 12 47 13 97 14 38 15 57 16 1 17 89 18 12 19 46 20 62 
1 48 2 43 3 38 4 49 5 24 6 66 7 57 8 53 9 80 10 64 11 44 12 91 13 32 14 37 15 45 16 49 17 33 18 66 19 26 20 14 
1 18 2 15 3 61 4 22 5 73 6 51 7 71 8 90 9 28 10 93 11 5 12 53 13 9 14 2 15 21 16 18 17 16 18 80 19 97 20 64 
1 83 2 2 3 34 4 14 5 22 6 45 7 86 8 36 9 5 10 72 11 54 12 56 13 28 14 53 15 71 16 70 17 71 18 30 19 16 20 27 
1 23 2 88 3 60 4 46 5 69 6 4 7 86 8 75 9 98 10 93 11 41 12 51 13 6 14 13 15 48 16 62 17 58 18 19 19 89 20 22 
1 49 2 84 3 63 4 9 5 51 6 46 7 30 8 55 9 77 10 91 11 7 12 34 13 10 14 85 15 26 16 36 17 74 18 84 19 59 20 92 
1 23 2 42 3 57 4 38 5 86 6 29 7 66 8 66 9 96 10 80 11 77 12 87 13 76 14 55 15 4 16 72 17 63 18 20 19 35 20 42 
1 66 2 27 3 17 4 89 5 26 6 39 7 46 8 78 9 49 10 50 11 83 12 47 13 57 14 31 15 44 16 89 17 36 18 77 19 40 20 42 
1 6 2 54 3 22 4 98 5 82 6 10 7 16 8 93 9 20 10 77 11 86 12 34 13 7 14 34 15 83 16 43 17 89 18 82 19 67 20 87 
1 83 2 32 3 59 4 18 5 84 6 33 7 28 8 70 9 87 10 84 11 43 12 90 13 13 14 78 15 55 16 9 17 44 18 30 19 35 20 7 
1 17 2 11 3 60 4 79 5 93 6 21 7 54 8 72 9 33 10 50 11 51 12 53 13 40 14 13 15 41 16 17 17 64 18 15 19 60 20 5 
1 71 2 40 3 71 4 15 5 15 6 25 7 85 8 57 9 63 10 15 11 62 12 99 13 74 14 80 15 64 16 50 17 14 18 64 19 34 20 25 
Reldue
-1 1726 -1 2
-1 2180 -1 4
-1 2693 -1 9
-1 1525 -1 2
-1 2525 -1 7
-1 3073 -1 8
-1 2977 -1 3
-1 3149 -1 3
-1 1705 -1 6
-1 2105 -1 9
-1 3126 -1 7
-1 2473 -1 7
-1 3142 -1 2
-1 3111 -1 7
-1 2530 -1 7
-1 2643 -1 5
-1 2844 -1 3
-1 1530 -1 5
-1 2700 -1 2
-1 1725 -1 3
-1 2801 -1 4
-1 3169 -1 3
-1 3025 -1 2
-1 2451 -1 3
-1 1783 -1 4
-1 2701 -1 9
-1 1689 -1 4
-1 2350 -1 4
-1 1498 -1 10
-1 2436 -1 9
-1 3078 -1 2
-1 2428 -1 5
-1 2876 -1 10
-1 1460 -1 2
-1 1636 -1 1
-1 1464 -1 7
-1 2432 -1 7
-1 2338 -1 5
-1 1530 -1 7
-1 2902 -1 7
-1 2131 -1 8
-1 3179 -1 7
-1 1997 -1 9
-1 2069 -1 6
-1 2895 -1 9
-1 1602 -1 3
-1 1861 -1 7
-1 2676 -1 1
-1 2488 -1 4
-1 2467 -1 10
LB 2897
