50 20
1 5 2 45 3 65 4 85 5 9 6 96 7 94 8 19 9 15 10 46 11 89 12 94 13 40 14 35 15 42 16 9 17 41 18 6 19 28 20 85 
1 35 2 30 3 83 4 82 5 39 6 20 7 20 8 67 9 92 10 8 11 28 12 24 13 24 14 12 15 95 16 14 17 53 18 76 19 48 20 2 
1 48 2 88 3 84 4 59 5 61 6 49 7 94 8 60 9 94 10 66 11 94 12 22 13 54 14 10 15 85 16 18 17 53 18 4 19 12 20 30 
1 97 2 83 3 68 4 7 5 80 6 61 7 29 8 33 9 90 10 54 11 81 12 86 13 89 14 79 15 18 16 62 17 9 18 25 19 20 20 63 
1 98 2 6 3 71 4 6 5 71 6 58 7 63 8 70 9 87 10 1 11 63 12 50 13 82 14 19 15 90 16 97 17 64 18 52 19 86 20 72 
1 87 2 34 3 77 4 41 5 85 6 57 7 16 8 22 9 86 10 70 11 5 12 69 13 84 14 65 15 9 16 17 17 34 18 22 19 71 20 35 
1 39 2 38 3 43 4 71 5 27 6 56 7 77 8 94 9 85 10 64 11 12 12 60 13 98 14 99 15 15 16 36 17 39 18 65 19 20 20 10 
1 68 2 48 3 59 4 71 5 23 6 93 7 40 8 2 9 20 10 92 11 40 12 18 13 67 14 45 15 25 16 93 17 11 18 54 19 11 20 65 
1 73 2 64 3 2 4 92 5 44 6 26 7 1 8 36 9 43 10 81 11 32 12 67 13 75 14 7 15 26 16 87 17 14 18 25 19 39 20 92 
1 38 2 84 3 83 4 88 5 17 6 39 7 9 8 39 9 80 10 87 11 77 12 93 13 96 14 71 15 38 16 22 17 94 18 14 19 60 20 45 
1 52 2 55 3 99 4 88 5 43 6 48 7 94 8 12 9 4 10 99 11 46 12 61 13 60 14 19 15 10 16 41 17 49 18 75 19 22 20 73 
1 56 2 40 3 24 4 83 5 82 6 92 7 63 8 87 9 31 10 74 11 10 12 1 13 17 14 85 15 67 16 85 17 76 18 25 19 63 20 50 
1 26 2 82 3 34 4 86 5 86 6 78 7 96 8 45 9 74 10 60 11 63 12 93 13 10 14 70 15 18 16 50 17 3 18 68 19 92 20 79 
1 14 2 82 3 49 4 9 5 98 6 71 7 50 8 23 9 38 10 22 11 52 12 46 13 32 14 62 15 90 16 7 17 88 18 21 19 9 20 63 
1 84 2 86 3 60 4 59 5 20 6 52 7 40 8 15 9 21 10 84 11 33 12 62 13 7 14 28 15 76 16 61 17 59 18 70 19 33 20 1 
1 74 2 31 3 28 4 52 5 44 6 75 7 19 8 61 9 73 10 15 11 55 12 1 13 65 14 93 15 44 16 25 17 41 18 94 19 51 20 26 
1 75 2 18 3 23 4 80 5 96 6 20 7 70 8 70 9 29 10 54 11 54 12 42 13 98 14 26 15 8 16 4 17 32 18 4 19 84 20 85 
1 82 2 15 3 19 4 69 5 53 6 15 7 38 8 38 9 34 10 37 11 37 12 48 13 16 14 83 15 68 16 68 17 9 18 63 19 61 20 20 
1 33 2 56 3 91 4 49 5 66 6 81 7 13 8 20 9 1 10 74 11 37 12 42 13 2 14 70 15 49 16 83 17 68 18 33 19 90 20 58 
1 5 2 68 3 81 4 44 5 48 6 99 7 80 8 55 9 51 10 51 11 54 12 91 13 38 14 83 15 42 16 34 17 62 18 95 19 8 20 15 
1 55 2 53 3 91 4 65 5 96 6 26 7 9 8 78 9 10 10 47 11 88 12 62 13 58 14 86 15 87 16 51 17 99 18 84 19 65 20 26 
1 57 2 10 3 16 4 11 5 42 6 2 7 95 8 39 9 58 10 48 11 7 12 27 13 94 14 65 15 25 16 61 17 33 18 35 19 2 20 30 
1 22 2 13 3 97 4 98 5 24 6 89 7 92 8 70 9 28 10 67 11 30 12 91 13 33 14 64 15 66 16 40 17 33 18 79 19 93 20 37 
1 47 2 30 3 87 4 45 5 43 6 80 7 61 8 55 9 55 10 22 11 68 12 38 13 46 14 72 15 15 16 46 17 20 18 15 19 56 20 94 
1 69 2 19 3 44 4 55 5 14 6 61 7 59 8 73 9 25 10 45 11 85 12 62 13 62 14 38 15 25 16 27 17 19 18 46 19 70 20 75 
1 12 2 74 3 92 4 68 5 7 6 61 7 19 8 13 9 16 10 39 11 87 12 82 13 91 14 12 15 98 16 9 17 41 18 78 19 32 20 27 
1 8 2 68 3 4 4 7 5 61 6 99 7 22 8 53 9 75 10 52 11 28 12 36 13 6 14 30 15 57 16 20 17 21 18 45 19 14 20 64 
1 94 2 59 3 4 4 19 5 93 6 78 7 5 8 73 9 5 10 2 11 77 12 50 13 12 14 63 15 1 16 57 17 74 18 84 19 22 20 27 
1 30 2 4 3 26 4 59 5 96 6 42 7 46 8 43 9 30 10 4 11 77 12 25 13 46 14 28 15 97 16 58 17 10 18 41 19 99 20 18 
1 45 2 40 3 75 4 55 5 24 6 69 7 61 8 36 9 97 10 28 11 55 12 94 13 71 14 85 15 91 16 91 17 72 18 89 19 88 20 13 
1 47 2 33 3 11 4 72 5 37 6 89 7 65 8 5 9 84 10 91 11 72 12 75 13 24 14 48 15 76 16 3 17 2 18 53 19 46 20 44 
1 54 2 48 3 12 4 69 5 36 6 66 7 35 8 97 9 58 10 43 11 48 12 89 13 6 14 45 15 13 16 33 17 63 18 73 19 16 20 54 
1 8 2 33 3 35 4 59 5 80 6 28 7 46 8 11 9 13 10 69 11 85 12 7 13 61 14 95 15 97 16 84 17 56 18 43 19 44 20 80 
1 42 2 13 3 2 4 26 5 63 6 5 7 73 8 43 9 61 10 72 11 70 12 97 13 50 14 73 15 91 16 76 17 40 18 24 19 48 20 45 
1 66 2 62 3 56 4 80 5 51 6 71 7 24 8 61 9 23 10 31 11 82 12 73 13 84 14 61 15 51 16 41 17 98 18 86 19 38 20 92 
1 64 2 25 3 77 4 40 5 4 6 45 7 66 8 89 9 26 10 81 11 36 12 25 13 95 14 6 15 15 16 34 17 91 18 74 19 12 20 10 
1 54 2 17 3 9 4 21 5 29 6 2 7 28 8 22 9 34 10 74 11 78 12 37 13 42 14 61 15 15 16 63 17 25 18 5 19 56 20 1 
1 99 2 44 3 40 4 55 5 30 6 2 7 91 8 84 9 71 10 67 11 36 12 33 13 18 14 47 15 34 16 35 17 77 18 73 19 27 20 9 
1 40 2 88 3 62 4 75 5 4 6 28 7 43 8 3 9 63 10 43 11 91 12 18 13 31 14 41 15 51 16 54 17 65 18 62 19 77 20 43 
1 26 2 87 3 80 4 54 5 14 6 72 7 61 8 45 9 44 10 81 11 54 12 15 13 36 14 16 15 62 16 33 17 4 18 66 19 11 20 69 
1 4 2 93 3 8 4 60 5 51 6 69 7 81 8 56 9 38 10 62 11 39 12 73 13 47 14 16 15 64 16 10 17 80 18 63 19 82 20 79 
1 58 2 57 3 88 4 75 5 33 6 53 7 51 8 28 9 56 10 52 11 8 12 95 13 23 14 41 15 46 16 50 17 96 18 68 19 12 20 42 
1 46 2 39 3 20 4 31 5 22 6 27 7 29 8 76 9 39 10 11 11 46 12 20 13 78 14 96 15 45 16 79 17 34 18 25 19 53 20 33 
1 88 2 77 3 5 4 72 5 34 6 25 7 74 8 70 9 88 10 32 11 17 12 86 13 14 14 16 15 35 16 44 17 70 18 46 19 10 20 82 
1 22 2 65 3 41 4 26 5 85 6 45 7 88 8 32 9 32 10 73 11 76 12 1 13 35 14 89 15 64 16 71 17 48 18 67 19 58 20 71 
1 27 2 13 3 33 4 14 5 60 6 85 7 24 8 30 9 12 10 49 11 47 12 19 13 17 14 91 15 45 16 99 17 36 18 60 19 29 20 50 
1 98 2 23 3 45 4 94 5 55 6 97 7 4 8 5 9 29 10 51 11 12 12 67 13 58 14 75 15 31 16 18 17 39 18 23 19 25 20 12 
1 90 2 94 3 98 4 55 5 7 6 48 7 55 8 13 9 61 10 54 11 78 12 48 13 88 14 7 15 27 16 80 17 19 18 42 19 16 20 59 
1 27 2 24 3 69 4 98 5 50 6 62 7 40 8 89 9 62 10 30 11 76 12 80 13 30 14 53 15 70 16 90 17 82 18 40 19 11 20 82 
1 47 2 74 3 85 4 34 5 41 6 27 7 63 8 21 9 37 10 22 11 62 12 86 13 33 14 84 15 17 16 65 17 20 18 39 19 9 20 90 
Reldue
-1 2488 -1 5
-1 2792 -1 8
-1 2621 -1 3
-1 2258 -1 1
-1 2562 -1 9
-1 1736 -1 10
-1 1960 -1 2
-1 2840 -1 6
-1 2609 -1 3
-1 2745 -1 6
-1 1856 -1 5
-1 1974 -1 8
-1 1724 -1 4
-1 2094 -1 1
-1 2596 -1 4
-1 1442 -1 7
-1 2762 -1 10
-1 1522 -1 8
-1 2197 -1 4
-1 2162 -1 8
-1 2174 -1 8
-1 2081 -1 2
-1 2226 -1 3
-1 2403 -1 4
-1 1739 -1 6
-1 2569 -1 8
-1 2653 -1 1
-1 2939 -1 5
-1 2616 -1 4
-1 1598 -1 10
-1 2677 -1 3
-1 2959 -1 10
-1 2483 -1 1
-1 2071 -1 5
-1 2184 -1 5
-1 2333 -1 8
-1 2714 -1 6
-1 2535 -1 6
-1 2928 -1 7
-1 2016 -1 10
-1 2394 -1 5
-1 1570 -1 7
-1 2129 -1 4
-1 2575 -1 2
-1 2670 -1 10
-1 2807 -1 3
-1 3021 -1 7
-1 2824 -1 8
-1 2479 -1 7
-1 3049 -1 4
LB 2813
