50 20
1 93 2 55 3 57 4 23 5 66 6 23 7 53 8 60 9 41 10 92 11 34 12 94 13 93 14 1 15 61 16 60 17 89 18 75 19 57 20 94 
1 63 2 13 3 19 4 87 5 57 6 2 7 57 8 12 9 38 10 20 11 10 12 81 13 57 14 50 15 64 16 14 17 60 18 59 19 34 20 78 
1 94 2 55 3 64 4 23 5 51 6 41 7 5 8 53 9 59 10 1 11 75 12 57 13 17 14 5 15 6 16 25 17 20 18 31 19 41 20 5 
1 73 2 65 3 2 4 35 5 92 6 78 7 72 8 16 9 47 10 67 11 30 12 51 13 99 14 62 15 20 16 42 17 43 18 51 19 20 20 49 
1 82 2 97 3 35 4 17 5 43 6 57 7 15 8 76 9 30 10 72 11 92 12 33 13 83 14 37 15 92 16 65 17 2 18 88 19 34 20 87 
1 83 2 86 3 97 4 17 5 58 6 86 7 84 8 88 9 95 10 77 11 80 12 12 13 23 14 42 15 67 16 77 17 86 18 49 19 49 20 86 
1 19 2 11 3 23 4 30 5 63 6 2 7 71 8 98 9 89 10 25 11 41 12 82 13 8 14 43 15 1 16 46 17 34 18 59 19 36 20 87 
1 99 2 17 3 88 4 62 5 37 6 99 7 41 8 44 9 57 10 19 11 85 12 75 13 44 14 9 15 34 16 87 17 44 18 20 19 86 20 50 
1 90 2 3 3 50 4 8 5 50 6 59 7 43 8 74 9 68 10 69 11 83 12 11 13 68 14 98 15 30 16 59 17 35 18 11 19 15 20 12 
1 71 2 52 3 80 4 30 5 98 6 94 7 99 8 53 9 26 10 71 11 80 12 48 13 56 14 29 15 86 16 34 17 36 18 87 19 11 20 14 
1 22 2 3 3 27 4 26 5 64 6 86 7 31 8 93 9 83 10 74 11 41 12 94 13 51 14 41 15 50 16 65 17 56 18 77 19 75 20 47 
1 10 2 3 3 42 4 51 5 60 6 24 7 37 8 19 9 80 10 8 11 36 12 74 13 17 14 49 15 42 16 21 17 17 18 68 19 4 20 28 
1 7 2 85 3 46 4 95 5 9 6 74 7 79 8 81 9 78 10 10 11 15 12 69 13 85 14 76 15 81 16 92 17 60 18 27 19 41 20 23 
1 6 2 27 3 24 4 4 5 95 6 30 7 7 8 47 9 6 10 55 11 23 12 72 13 13 14 50 15 57 16 71 17 56 18 70 19 4 20 64 
1 55 2 97 3 93 4 36 5 51 6 17 7 13 8 91 9 71 10 79 11 24 12 25 13 26 14 52 15 3 16 29 17 50 18 64 19 18 20 71 
1 41 2 86 3 84 4 92 5 36 6 8 7 52 8 15 9 30 10 82 11 44 12 17 13 2 14 16 15 80 16 49 17 74 18 62 19 39 20 79 
1 71 2 38 3 27 4 9 5 31 6 95 7 12 8 8 9 36 10 85 11 83 12 44 13 8 14 13 15 33 16 9 17 86 18 46 19 79 20 43 
1 53 2 15 3 97 4 59 5 20 6 89 7 17 8 35 9 61 10 13 11 69 12 62 13 95 14 55 15 87 16 10 17 76 18 21 19 11 20 80 
1 52 2 21 3 46 4 36 5 55 6 7 7 63 8 76 9 26 10 8 11 59 12 31 13 36 14 54 15 6 16 77 17 99 18 44 19 69 20 10 
1 45 2 13 3 67 4 83 5 51 6 87 7 53 8 85 9 82 10 50 11 2 12 75 13 27 14 98 15 22 16 49 17 45 18 13 19 69 20 70 
1 85 2 72 3 37 4 29 5 93 6 14 7 10 8 69 9 50 10 43 11 64 12 13 13 45 14 93 15 84 16 90 17 46 18 44 19 35 20 73 
1 40 2 32 3 92 4 36 5 30 6 78 7 80 8 24 9 10 10 78 11 84 12 66 13 32 14 52 15 87 16 24 17 65 18 25 19 13 20 70 
1 46 2 93 3 30 4 72 5 76 6 81 7 10 8 70 9 82 10 29 11 30 12 77 13 81 14 20 15 54 16 16 17 71 18 72 19 84 20 42 
1 75 2 15 3 58 4 90 5 37 6 64 7 40 8 29 9 82 10 84 11 30 12 6 13 41 14 97 15 24 16 46 17 44 18 76 19 2 20 97 
1 16 2 30 3 45 4 85 5 96 6 77 7 35 8 90 9 9 10 91 11 93 12 84 13 95 14 24 15 19 16 37 17 76 18 4 19 63 20 29 
1 2 2 47 3 94 4 82 5 74 6 13 7 52 8 75 9 76 10 76 11 30 12 29 13 21 14 88 15 94 16 33 17 34 18 83 19 76 20 43 
1 23 2 27 3 83 4 91 5 96 6 68 7 21 8 58 9 44 10 62 11 16 12 62 13 42 14 93 15 28 16 7 17 89 18 69 19 39 20 75 
1 12 2 23 3 69 4 47 5 29 6 5 7 64 8 20 9 39 10 85 11 58 12 22 13 71 14 64 15 68 16 11 17 53 18 71 19 4 20 80 
1 53 2 48 3 96 4 81 5 12 6 27 7 57 8 93 9 35 10 77 11 28 12 16 13 14 14 7 15 60 16 74 17 13 18 8 19 16 20 42 
1 68 2 80 3 49 4 13 5 1 6 97 7 39 8 67 9 84 10 96 11 59 12 47 13 13 14 53 15 99 16 52 17 46 18 99 19 31 20 58 
1 59 2 34 3 86 4 98 5 87 6 30 7 71 8 18 9 14 10 37 11 2 12 19 13 13 14 51 15 56 16 34 17 7 18 46 19 43 20 49 
1 11 2 75 3 13 4 65 5 22 6 89 7 37 8 28 9 60 10 49 11 71 12 88 13 34 14 18 15 66 16 24 17 43 18 19 19 38 20 13 
1 91 2 10 3 11 4 23 5 57 6 70 7 34 8 36 9 55 10 68 11 60 12 64 13 65 14 73 15 52 16 87 17 38 18 88 19 15 20 67 
1 49 2 96 3 51 4 3 5 5 6 6 7 72 8 47 9 95 10 37 11 33 12 47 13 72 14 83 15 17 16 33 17 22 18 20 19 72 20 64 
1 27 2 94 3 10 4 24 5 85 6 14 7 24 8 89 9 39 10 2 11 47 12 10 13 7 14 48 15 9 16 51 17 44 18 34 19 24 20 59 
1 21 2 87 3 36 4 3 5 57 6 8 7 18 8 17 9 37 10 56 11 42 12 69 13 39 14 47 15 83 16 71 17 45 18 21 19 36 20 49 
1 65 2 75 3 12 4 24 5 46 6 60 7 11 8 92 9 22 10 60 11 28 12 54 13 83 14 7 15 32 16 93 17 20 18 36 19 90 20 72 
1 19 2 49 3 63 4 9 5 94 6 30 7 47 8 50 9 81 10 57 11 22 12 15 13 3 14 64 15 35 16 16 17 13 18 93 19 69 20 61 
1 87 2 14 3 21 4 47 5 85 6 55 7 57 8 61 9 65 10 9 11 4 12 15 13 2 14 90 15 54 16 55 17 88 18 38 19 90 20 66 
1 24 2 84 3 74 4 67 5 57 6 91 7 19 8 59 9 68 10 25 11 51 12 4 13 80 14 81 15 52 16 42 17 85 18 5 19 26 20 34 
1 86 2 72 3 8 4 52 5 3 6 68 7 20 8 9 9 36 10 63 11 85 12 83 13 9 14 60 15 15 16 1 17 52 18 18 19 10 20 43 
1 14 2 28 3 5 4 82 5 75 6 38 7 14 8 9 9 87 10 30 11 24 12 88 13 83 14 98 15 48 16 39 17 46 18 43 19 87 20 49 
1 29 2 19 3 98 4 6 5 82 6 28 7 64 8 71 9 44 10 60 11 9 12 87 13 81 14 62 15 42 16 15 17 32 18 75 19 67 20 10 
1 39 2 26 3 98 4 97 5 96 6 23 7 91 8 64 9 80 10 17 11 26 12 16 13 23 14 57 15 9 16 34 17 59 18 39 19 53 20 93 
1 32 2 17 3 95 4 26 5 30 6 48 7 35 8 70 9 86 10 47 11 50 12 33 13 23 14 78 15 26 16 50 17 22 18 22 19 7 20 67 
1 19 2 27 3 69 4 92 5 13 6 70 7 75 8 40 9 55 10 36 11 55 12 18 13 78 14 88 15 51 16 14 17 26 18 28 19 39 20 61 
1 96 2 43 3 77 4 31 5 45 6 18 7 18 8 68 9 34 10 39 11 94 12 25 13 36 14 98 15 96 16 86 17 51 18 94 19 82 20 19 
1 40 2 4 3 67 4 42 5 16 6 6 7 36 8 72 9 92 10 48 11 17 12 67 13 70 14 16 15 56 16 7 17 4 18 65 19 61 20 41 
1 9 2 63 3 52 4 74 5 71 6 65 7 85 8 67 9 72 10 35 11 56 12 94 13 32 14 71 15 48 16 43 17 68 18 45 19 54 20 42 
1 15 2 74 3 45 4 15 5 1 6 13 7 88 8 50 9 77 10 72 11 31 12 2 13 45 14 95 15 30 16 53 17 35 18 76 19 36 20 30 
Reldue
-1 1887 -1 2
-1 2441 -1 1
-1 2975 -1 6
-1 1539 -1 9
-1 2426 -1 10
-1 2365 -1 4
-1 1705 -1 4
-1 2187 -1 8
-1 2482 -1 6
-1 1482 -1 5
-1 1512 -1 2
-1 3060 -1 3
-1 2885 -1 5
-1 2558 -1 1
-1 1522 -1 8
-1 1607 -1 10
-1 1651 -1 7
-1 2992 -1 9
-1 1544 -1 1
-1 3025 -1 1
-1 2268 -1 5
-1 2090 -1 5
-1 2030 -1 7
-1 1906 -1 9
-1 2682 -1 5
-1 3009 -1 2
-1 1849 -1 7
-1 2989 -1 9
-1 2411 -1 1
-1 1990 -1 5
-1 2655 -1 6
-1 2535 -1 5
-1 2595 -1 5
-1 2425 -1 2
-1 3052 -1 3
-1 2278 -1 9
-1 1781 -1 8
-1 2250 -1 3
-1 1792 -1 9
-1 2061 -1 2
-1 2837 -1 8
-1 1808 -1 4
-1 2857 -1 9
-1 2983 -1 4
-1 1599 -1 1
-1 1779 -1 1
-1 2144 -1 9
-1 1765 -1 8
-1 3082 -1 8
-1 1983 -1 7
LB 2813
