50 20
1 94 2 99 3 41 4 20 5 53 6 75 7 32 8 67 9 57 10 23 11 35 12 6 13 98 14 11 15 87 16 51 17 40 18 16 19 81 20 40 
1 72 2 10 3 76 4 74 5 5 6 86 7 93 8 82 9 67 10 54 11 36 12 58 13 56 14 61 15 70 16 33 17 50 18 69 19 55 20 93 
1 82 2 13 3 84 4 50 5 46 6 85 7 18 8 84 9 70 10 26 11 52 12 92 13 56 14 10 15 12 16 94 17 63 18 61 19 1 20 36 
1 64 2 32 3 33 4 64 5 11 6 88 7 45 8 91 9 22 10 68 11 86 12 59 13 12 14 42 15 89 16 49 17 72 18 66 19 10 20 27 
1 35 2 56 3 53 4 98 5 68 6 75 7 71 8 77 9 30 10 91 11 71 12 20 13 10 14 22 15 88 16 29 17 26 18 47 19 70 20 5 
1 98 2 45 3 4 4 74 5 78 6 26 7 45 8 48 9 85 10 46 11 13 12 74 13 30 14 29 15 43 16 74 17 80 18 39 19 52 20 66 
1 81 2 7 3 64 4 6 5 44 6 40 7 82 8 55 9 86 10 57 11 94 12 95 13 20 14 69 15 6 16 23 17 54 18 19 19 86 20 30 
1 39 2 4 3 85 4 1 5 25 6 26 7 79 8 86 9 7 10 24 11 4 12 30 13 57 14 90 15 28 16 5 17 37 18 84 19 25 20 52 
1 43 2 62 3 82 4 71 5 60 6 4 7 5 8 3 9 56 10 94 11 15 12 24 13 59 14 64 15 43 16 77 17 69 18 8 19 83 20 56 
1 5 2 51 3 28 4 90 5 59 6 73 7 46 8 36 9 91 10 31 11 53 12 27 13 34 14 91 15 4 16 3 17 72 18 42 19 45 20 58 
1 88 2 15 3 93 4 76 5 92 6 36 7 35 8 31 9 97 10 35 11 40 12 83 13 81 14 32 15 57 16 27 17 42 18 78 19 46 20 12 
1 5 2 48 3 53 4 54 5 11 6 67 7 34 8 35 9 48 10 51 11 64 12 94 13 83 14 12 15 45 16 41 17 92 18 86 19 55 20 33 
1 19 2 64 3 75 4 4 5 79 6 10 7 82 8 88 9 79 10 46 11 53 12 12 13 57 14 17 15 41 16 48 17 5 18 56 19 89 20 35 
1 15 2 1 3 51 4 85 5 23 6 43 7 8 8 48 9 90 10 57 11 22 12 41 13 35 14 22 15 21 16 53 17 34 18 80 19 10 20 51 
1 45 2 34 3 93 4 26 5 35 6 26 7 21 8 32 9 33 10 22 11 17 12 23 13 93 14 14 15 34 16 59 17 98 18 56 19 20 20 38 
1 30 2 15 3 10 4 4 5 45 6 85 7 1 8 82 9 71 10 79 11 40 12 67 13 44 14 98 15 57 16 16 17 25 18 10 19 75 20 91 
1 58 2 39 3 47 4 55 5 66 6 87 7 91 8 50 9 44 10 48 11 97 12 69 13 74 14 33 15 44 16 50 17 96 18 32 19 1 20 83 
1 42 2 73 3 4 4 43 5 54 6 77 7 94 8 19 9 21 10 95 11 52 12 65 13 61 14 16 15 13 16 97 17 2 18 45 19 56 20 24 
1 88 2 45 3 3 4 92 5 89 6 22 7 77 8 31 9 85 10 54 11 9 12 82 13 14 14 29 15 49 16 29 17 44 18 73 19 35 20 34 
1 69 2 20 3 1 4 14 5 75 6 12 7 58 8 85 9 12 10 83 11 9 12 95 13 82 14 3 15 78 16 20 17 14 18 73 19 30 20 69 
1 54 2 4 3 63 4 90 5 37 6 71 7 81 8 57 9 44 10 31 11 18 12 33 13 45 14 63 15 36 16 89 17 82 18 52 19 74 20 85 
1 36 2 61 3 53 4 8 5 7 6 50 7 34 8 8 9 42 10 19 11 5 12 7 13 22 14 42 15 50 16 89 17 90 18 71 19 31 20 22 
1 66 2 45 3 1 4 43 5 44 6 64 7 69 8 22 9 67 10 8 11 17 12 53 13 34 14 59 15 17 16 96 17 56 18 3 19 97 20 3 
1 58 2 67 3 62 4 2 5 18 6 27 7 21 8 23 9 89 10 74 11 57 12 94 13 28 14 6 15 95 16 12 17 44 18 33 19 34 20 26 
1 54 2 16 3 29 4 69 5 66 6 91 7 16 8 39 9 64 10 97 11 87 12 26 13 57 14 44 15 93 16 3 17 97 18 83 19 93 20 34 
1 32 2 91 3 60 4 20 5 74 6 81 7 73 8 28 9 72 10 52 11 51 12 60 13 26 14 49 15 1 16 34 17 18 18 98 19 10 20 19 
1 12 2 23 3 9 4 13 5 8 6 3 7 4 8 42 9 49 10 64 11 82 12 25 13 64 14 68 15 32 16 95 17 80 18 58 19 77 20 93 
1 69 2 7 3 51 4 41 5 9 6 69 7 11 8 51 9 13 10 93 11 99 12 49 13 48 14 29 15 97 16 94 17 70 18 65 19 44 20 40 
1 83 2 46 3 3 4 48 5 38 6 13 7 19 8 59 9 44 10 31 11 72 12 90 13 80 14 50 15 97 16 49 17 49 18 6 19 27 20 53 
1 8 2 59 3 11 4 24 5 30 6 77 7 53 8 32 9 93 10 8 11 60 12 28 13 69 14 33 15 96 16 91 17 50 18 90 19 60 20 98 
1 17 2 32 3 29 4 90 5 15 6 30 7 78 8 67 9 71 10 16 11 76 12 84 13 94 14 26 15 95 16 60 17 18 18 68 19 57 20 15 
1 70 2 41 3 93 4 73 5 77 6 60 7 58 8 37 9 35 10 65 11 51 12 88 13 33 14 50 15 72 16 82 17 37 18 31 19 24 20 83 
1 18 2 30 3 44 4 28 5 87 6 46 7 36 8 66 9 95 10 33 11 63 12 80 13 2 14 6 15 39 16 97 17 73 18 73 19 70 20 45 
1 68 2 92 3 40 4 45 5 81 6 99 7 23 8 44 9 51 10 88 11 23 12 99 13 10 14 30 15 93 16 88 17 12 18 10 19 54 20 94 
1 40 2 57 3 95 4 84 5 52 6 92 7 32 8 90 9 46 10 86 11 64 12 65 13 4 14 56 15 75 16 10 17 33 18 30 19 22 20 82 
1 75 2 56 3 37 4 93 5 89 6 15 7 15 8 96 9 25 10 56 11 38 12 96 13 30 14 52 15 94 16 92 17 11 18 78 19 1 20 4 
1 49 2 32 3 84 4 52 5 11 6 55 7 14 8 73 9 57 10 24 11 41 12 49 13 40 14 84 15 16 16 7 17 83 18 51 19 82 20 43 
1 42 2 49 3 50 4 2 5 93 6 16 7 86 8 55 9 36 10 75 11 64 12 21 13 47 14 80 15 73 16 54 17 13 18 59 19 29 20 59 
1 41 2 48 3 64 4 55 5 41 6 76 7 80 8 85 9 22 10 95 11 87 12 10 13 87 14 3 15 62 16 28 17 86 18 53 19 34 20 94 
1 56 2 67 3 60 4 81 5 11 6 2 7 36 8 40 9 27 10 49 11 55 12 75 13 1 14 54 15 77 16 36 17 31 18 64 19 28 20 65 
1 94 2 11 3 6 4 39 5 9 6 3 7 2 8 27 9 82 10 50 11 1 12 33 13 3 14 61 15 51 16 41 17 5 18 82 19 34 20 33 
1 40 2 37 3 8 4 57 5 98 6 20 7 19 8 98 9 49 10 58 11 10 12 70 13 98 14 94 15 95 16 18 17 43 18 57 19 11 20 80 
1 85 2 67 3 87 4 41 5 23 6 43 7 43 8 25 9 36 10 88 11 33 12 28 13 7 14 5 15 82 16 80 17 20 18 11 19 63 20 80 
1 57 2 86 3 79 4 14 5 38 6 12 7 68 8 91 9 86 10 19 11 19 12 89 13 28 14 6 15 88 16 76 17 10 18 48 19 58 20 42 
1 81 2 65 3 85 4 25 5 99 6 9 7 98 8 44 9 62 10 85 11 2 12 33 13 43 14 8 15 11 16 73 17 46 18 73 19 56 20 97 
1 90 2 59 3 70 4 46 5 92 6 17 7 77 8 96 9 97 10 73 11 64 12 88 13 99 14 75 15 29 16 80 17 20 18 12 19 27 20 94 
1 91 2 1 3 93 4 67 5 7 6 8 7 25 8 76 9 32 10 54 11 81 12 25 13 96 14 42 15 87 16 75 17 72 18 92 19 62 20 87 
1 14 2 70 3 82 4 43 5 66 6 29 7 97 8 40 9 7 10 90 11 31 12 81 13 18 14 97 15 28 16 97 17 73 18 41 19 4 20 57 
1 85 2 11 3 71 4 40 5 73 6 9 7 79 8 60 9 63 10 69 11 58 12 1 13 56 14 41 15 12 16 48 17 86 18 71 19 74 20 63 
1 97 2 17 3 25 4 57 5 12 6 67 7 7 8 15 9 76 10 70 11 42 12 59 13 37 14 6 15 21 16 43 17 17 18 59 19 21 20 3 
Reldue
-1 3008 -1 6
-1 2077 -1 8
-1 2481 -1 2
-1 1979 -1 5
-1 1696 -1 8
-1 1781 -1 8
-1 2183 -1 2
-1 2818 -1 1
-1 1950 -1 1
-1 2814 -1 4
-1 1443 -1 6
-1 2969 -1 8
-1 1649 -1 3
-1 1680 -1 7
-1 2574 -1 7
-1 2241 -1 7
-1 1485 -1 10
-1 1845 -1 8
-1 2019 -1 2
-1 1474 -1 4
-1 2739 -1 8
-1 2612 -1 1
-1 1592 -1 3
-1 2385 -1 5
-1 1644 -1 7
-1 1636 -1 3
-1 3040 -1 1
-1 2962 -1 1
-1 1934 -1 4
-1 1510 -1 7
-1 2191 -1 3
-1 2982 -1 1
-1 1957 -1 2
-1 1553 -1 3
-1 2791 -1 2
-1 2927 -1 8
-1 2053 -1 2
-1 2513 -1 4
-1 2066 -1 4
-1 2499 -1 7
-1 2750 -1 1
-1 2935 -1 7
-1 2670 -1 1
-1 2806 -1 1
-1 2468 -1 2
-1 1729 -1 1
-1 2568 -1 9
-1 2420 -1 8
-1 2723 -1 5
-1 1949 -1 2
LB 2804
