50 20
1 35 2 4 3 65 4 88 5 18 6 18 7 2 8 80 9 5 10 83 11 12 12 16 13 74 14 19 15 8 16 26 17 36 18 96 19 29 20 1 
1 13 2 96 3 34 4 2 5 61 6 56 7 71 8 98 9 82 10 7 11 47 12 66 13 48 14 90 15 75 16 36 17 65 18 28 19 98 20 34 
1 4 2 5 3 66 4 11 5 42 6 57 7 46 8 8 9 6 10 61 11 84 12 43 13 1 14 28 15 22 16 67 17 37 18 55 19 46 20 97 
1 87 2 35 3 76 4 95 5 86 6 40 7 69 8 64 9 68 10 72 11 9 12 68 13 71 14 24 15 43 16 75 17 76 18 81 19 28 20 66 
1 7 2 33 3 91 4 99 5 97 6 25 7 87 8 45 9 76 10 63 11 96 12 13 13 22 14 43 15 77 16 36 17 37 18 39 19 53 20 53 
1 44 2 51 3 46 4 33 5 24 6 39 7 93 8 44 9 81 10 14 11 67 12 90 13 41 14 38 15 43 16 13 17 22 18 21 19 16 20 23 
1 29 2 21 3 42 4 9 5 60 6 40 7 10 8 98 9 21 10 85 11 99 12 28 13 82 14 7 15 11 16 58 17 2 18 53 19 80 20 68 
1 9 2 62 3 94 4 18 5 59 6 21 7 99 8 31 9 97 10 84 11 67 12 71 13 97 14 82 15 50 16 32 17 63 18 89 19 84 20 54 
1 97 2 39 3 29 4 29 5 3 6 86 7 63 8 32 9 17 10 8 11 17 12 72 13 75 14 2 15 21 16 23 17 87 18 87 19 39 20 46 
1 48 2 57 3 54 4 9 5 70 6 96 7 63 8 6 9 68 10 50 11 57 12 32 13 40 14 50 15 92 16 55 17 93 18 51 19 98 20 2 
1 67 2 12 3 51 4 72 5 34 6 36 7 19 8 3 9 42 10 74 11 33 12 63 13 10 14 22 15 35 16 34 17 97 18 88 19 94 20 49 
1 35 2 6 3 69 4 70 5 27 6 3 7 81 8 34 9 94 10 89 11 37 12 79 13 76 14 81 15 2 16 54 17 36 18 87 19 63 20 3 
1 21 2 47 3 98 4 72 5 44 6 34 7 78 8 97 9 95 10 64 11 41 12 74 13 10 14 81 15 49 16 93 17 67 18 29 19 22 20 1 
1 46 2 12 3 64 4 56 5 13 6 42 7 24 8 57 9 14 10 11 11 70 12 10 13 12 14 14 15 32 16 86 17 31 18 76 19 2 20 92 
1 67 2 64 3 28 4 10 5 53 6 3 7 12 8 23 9 34 10 81 11 14 12 40 13 67 14 40 15 12 16 59 17 79 18 87 19 7 20 63 
1 19 2 58 3 27 4 87 5 37 6 5 7 42 8 27 9 29 10 24 11 84 12 37 13 56 14 56 15 7 16 55 17 91 18 35 19 21 20 31 
1 40 2 39 3 58 4 48 5 94 6 60 7 81 8 41 9 8 10 33 11 66 12 61 13 98 14 35 15 28 16 4 17 68 18 85 19 57 20 24 
1 34 2 72 3 35 4 15 5 52 6 31 7 27 8 39 9 40 10 24 11 43 12 92 13 98 14 21 15 80 16 12 17 5 18 95 19 70 20 60 
1 64 2 65 3 18 4 4 5 52 6 33 7 65 8 98 9 59 10 51 11 65 12 68 13 66 14 16 15 71 16 17 17 48 18 66 19 12 20 17 
1 56 2 51 3 47 4 43 5 27 6 41 7 57 8 37 9 81 10 19 11 40 12 73 13 9 14 62 15 92 16 29 17 3 18 21 19 25 20 42 
1 31 2 80 3 40 4 49 5 14 6 13 7 72 8 67 9 12 10 3 11 70 12 65 13 58 14 60 15 54 16 77 17 80 18 72 19 93 20 85 
1 92 2 64 3 83 4 92 5 99 6 43 7 87 8 24 9 45 10 49 11 73 12 12 13 56 14 44 15 22 16 40 17 61 18 87 19 72 20 35 
1 94 2 65 3 99 4 66 5 16 6 63 7 22 8 69 9 81 10 31 11 21 12 15 13 62 14 76 15 88 16 65 17 96 18 41 19 48 20 57 
1 62 2 56 3 69 4 24 5 85 6 25 7 11 8 90 9 22 10 73 11 2 12 39 13 79 14 56 15 77 16 23 17 5 18 48 19 30 20 48 
1 20 2 55 3 79 4 72 5 18 6 81 7 82 8 57 9 79 10 81 11 9 12 82 13 58 14 36 15 30 16 55 17 39 18 82 19 17 20 21 
1 49 2 76 3 18 4 8 5 33 6 75 7 78 8 35 9 84 10 23 11 35 12 83 13 28 14 69 15 91 16 32 17 43 18 62 19 61 20 35 
1 39 2 54 3 70 4 13 5 99 6 81 7 20 8 29 9 53 10 7 11 33 12 86 13 69 14 70 15 80 16 57 17 33 18 14 19 85 20 58 
1 73 2 88 3 49 4 53 5 30 6 99 7 66 8 49 9 50 10 54 11 19 12 12 13 65 14 5 15 48 16 92 17 58 18 98 19 28 20 29 
1 73 2 29 3 87 4 45 5 84 6 2 7 63 8 58 9 25 10 36 11 83 12 92 13 77 14 11 15 61 16 80 17 1 18 24 19 27 20 64 
1 4 2 47 3 12 4 34 5 63 6 45 7 12 8 23 9 32 10 54 11 80 12 80 13 22 14 76 15 28 16 40 17 91 18 74 19 58 20 91 
1 91 2 62 3 85 4 95 5 38 6 42 7 52 8 87 9 14 10 63 11 70 12 70 13 16 14 68 15 46 16 85 17 27 18 15 19 3 20 58 
1 23 2 55 3 39 4 20 5 83 6 80 7 30 8 38 9 63 10 79 11 7 12 81 13 21 14 57 15 84 16 86 17 26 18 30 19 19 20 50 
1 55 2 53 3 25 4 66 5 37 6 29 7 44 8 66 9 12 10 54 11 91 12 50 13 25 14 87 15 4 16 42 17 90 18 73 19 26 20 25 
1 80 2 60 3 30 4 72 5 89 6 35 7 14 8 80 9 59 10 72 11 5 12 8 13 11 14 22 15 73 16 59 17 64 18 83 19 89 20 80 
1 40 2 93 3 88 4 12 5 77 6 31 7 14 8 73 9 73 10 46 11 13 12 11 13 56 14 30 15 79 16 93 17 26 18 87 19 66 20 84 
1 39 2 66 3 48 4 51 5 80 6 17 7 1 8 65 9 83 10 98 11 12 12 32 13 8 14 29 15 1 16 26 17 28 18 96 19 74 20 67 
1 44 2 65 3 57 4 10 5 35 6 67 7 89 8 60 9 28 10 30 11 53 12 39 13 17 14 83 15 12 16 93 17 25 18 49 19 83 20 43 
1 23 2 96 3 29 4 95 5 25 6 63 7 69 8 21 9 14 10 63 11 7 12 50 13 5 14 58 15 9 16 69 17 97 18 39 19 79 20 31 
1 52 2 21 3 91 4 81 5 91 6 52 7 10 8 39 9 57 10 13 11 17 12 8 13 89 14 84 15 77 16 22 17 79 18 79 19 56 20 11 
1 20 2 3 3 83 4 64 5 79 6 60 7 47 8 45 9 80 10 99 11 99 12 91 13 46 14 35 15 18 16 33 17 36 18 76 19 81 20 52 
1 64 2 86 3 63 4 3 5 80 6 65 7 31 8 64 9 70 10 1 11 37 12 92 13 85 14 30 15 85 16 11 17 80 18 58 19 65 20 8 
1 67 2 10 3 65 4 44 5 56 6 32 7 17 8 15 9 44 10 89 11 26 12 2 13 78 14 52 15 1 16 46 17 27 18 28 19 49 20 78 
1 1 2 41 3 57 4 52 5 64 6 12 7 1 8 9 9 93 10 25 11 33 12 98 13 79 14 90 15 50 16 45 17 99 18 14 19 86 20 78 
1 89 2 82 3 50 4 20 5 73 6 13 7 22 8 98 9 33 10 59 11 58 12 62 13 32 14 66 15 63 16 45 17 42 18 14 19 71 20 9 
1 54 2 43 3 36 4 35 5 46 6 34 7 76 8 71 9 60 10 34 11 11 12 10 13 72 14 54 15 88 16 27 17 20 18 28 19 15 20 12 
1 12 2 46 3 53 4 21 5 6 6 32 7 30 8 37 9 57 10 84 11 42 12 11 13 18 14 5 15 60 16 16 17 23 18 24 19 7 20 70 
1 70 2 24 3 40 4 86 5 57 6 97 7 79 8 2 9 74 10 96 11 23 12 66 13 59 14 17 15 3 16 25 17 1 18 77 19 86 20 66 
1 19 2 35 3 35 4 10 5 42 6 61 7 5 8 66 9 97 10 88 11 66 12 27 13 89 14 42 15 43 16 73 17 11 18 69 19 10 20 9 
1 99 2 78 3 8 4 6 5 5 6 63 7 40 8 3 9 18 10 19 11 77 12 9 13 91 14 33 15 47 16 71 17 70 18 52 19 23 20 15 
1 18 2 27 3 85 4 89 5 61 6 76 7 88 8 26 9 53 10 47 11 24 12 1 13 68 14 48 15 20 16 18 17 52 18 36 19 11 20 9 
Reldue
-1 2555 -1 8
-1 2200 -1 2
-1 3103 -1 2
-1 1943 -1 10
-1 2297 -1 1
-1 3157 -1 3
-1 2306 -1 10
-1 3042 -1 7
-1 1634 -1 2
-1 1868 -1 3
-1 1853 -1 8
-1 1457 -1 9
-1 2880 -1 4
-1 2281 -1 8
-1 2067 -1 2
-1 2250 -1 1
-1 2167 -1 2
-1 3185 -1 10
-1 2497 -1 8
-1 2080 -1 4
-1 2951 -1 5
-1 2223 -1 5
-1 3086 -1 4
-1 2557 -1 9
-1 2409 -1 10
-1 1597 -1 5
-1 2907 -1 4
-1 1469 -1 5
-1 3116 -1 3
-1 1824 -1 5
-1 1488 -1 4
-1 2434 -1 5
-1 1948 -1 1
-1 2614 -1 3
-1 3052 -1 5
-1 1584 -1 7
-1 1645 -1 9
-1 2511 -1 10
-1 2587 -1 4
-1 3177 -1 6
-1 2782 -1 1
-1 2584 -1 6
-1 2211 -1 4
-1 3073 -1 1
-1 1994 -1 8
-1 1615 -1 2
-1 2109 -1 8
-1 2932 -1 4
-1 2060 -1 7
-1 2042 -1 6
LB 2898
