50 20
1 16 2 7 3 23 4 58 5 46 6 23 7 32 8 69 9 40 10 85 11 45 12 8 13 2 14 18 15 42 16 57 17 11 18 99 19 4 20 64 
1 7 2 92 3 39 4 92 5 42 6 58 7 31 8 18 9 50 10 33 11 62 12 6 13 39 14 3 15 45 16 55 17 14 18 57 19 28 20 84 
1 51 2 50 3 61 4 9 5 52 6 28 7 88 8 64 9 27 10 92 11 57 12 58 13 80 14 75 15 3 16 50 17 89 18 50 19 73 20 65 
1 77 2 21 3 16 4 91 5 37 6 94 7 28 8 36 9 52 10 84 11 14 12 8 13 22 14 13 15 18 16 26 17 85 18 90 19 4 20 75 
1 62 2 60 3 34 4 48 5 14 6 7 7 46 8 66 9 47 10 44 11 36 12 63 13 15 14 25 15 68 16 11 17 19 18 57 19 51 20 2 
1 97 2 5 3 41 4 67 5 53 6 48 7 68 8 67 9 59 10 79 11 24 12 22 13 40 14 62 15 36 16 90 17 15 18 25 19 56 20 22 
1 57 2 71 3 59 4 67 5 35 6 89 7 67 8 80 9 21 10 26 11 6 12 67 13 30 14 33 15 83 16 77 17 11 18 93 19 66 20 2 
1 97 2 22 3 54 4 71 5 23 6 86 7 56 8 60 9 91 10 19 11 7 12 73 13 43 14 44 15 97 16 48 17 16 18 19 19 93 20 8 
1 27 2 33 3 59 4 40 5 66 6 89 7 2 8 60 9 15 10 68 11 58 12 84 13 74 14 67 15 91 16 47 17 22 18 3 19 88 20 86 
1 19 2 57 3 9 4 51 5 26 6 94 7 23 8 78 9 4 10 77 11 76 12 77 13 25 14 80 15 48 16 17 17 61 18 53 19 90 20 5 
1 48 2 35 3 88 4 57 5 25 6 52 7 75 8 78 9 32 10 27 11 99 12 51 13 20 14 98 15 64 16 37 17 98 18 69 19 94 20 97 
1 47 2 41 3 70 4 28 5 71 6 10 7 56 8 27 9 16 10 36 11 35 12 41 13 13 14 78 15 52 16 51 17 22 18 32 19 9 20 44 
1 21 2 11 3 27 4 39 5 92 6 82 7 1 8 1 9 30 10 20 11 69 12 1 13 81 14 89 15 4 16 50 17 49 18 46 19 48 20 71 
1 24 2 2 3 55 4 48 5 43 6 47 7 10 8 75 9 31 10 28 11 79 12 40 13 85 14 97 15 38 16 72 17 39 18 94 19 70 20 28 
1 73 2 35 3 29 4 26 5 34 6 74 7 16 8 91 9 93 10 22 11 70 12 38 13 72 14 70 15 74 16 73 17 66 18 90 19 45 20 1 
1 10 2 59 3 91 4 7 5 83 6 44 7 7 8 85 9 23 10 47 11 85 12 11 13 32 14 93 15 43 16 68 17 8 18 62 19 13 20 66 
1 11 2 85 3 2 4 99 5 30 6 79 7 25 8 8 9 86 10 58 11 91 12 3 13 12 14 51 15 20 16 94 17 34 18 38 19 55 20 33 
1 35 2 57 3 18 4 12 5 80 6 66 7 58 8 23 9 54 10 93 11 35 12 49 13 46 14 29 15 55 16 63 17 88 18 86 19 28 20 61 
1 5 2 23 3 77 4 95 5 14 6 87 7 1 8 4 9 5 10 73 11 70 12 95 13 4 14 25 15 6 16 19 17 65 18 60 19 12 20 80 
1 94 2 15 3 32 4 50 5 90 6 72 7 29 8 56 9 40 10 29 11 67 12 76 13 25 14 80 15 49 16 66 17 66 18 42 19 70 20 92 
1 8 2 73 3 65 4 62 5 86 6 11 7 35 8 74 9 17 10 9 11 1 12 44 13 79 14 17 15 81 16 26 17 32 18 88 19 83 20 6 
1 6 2 17 3 31 4 74 5 85 6 81 7 1 8 69 9 52 10 21 11 10 12 48 13 37 14 47 15 48 16 39 17 64 18 35 19 17 20 58 
1 17 2 92 3 14 4 17 5 96 6 53 7 53 8 51 9 87 10 3 11 93 12 32 13 67 14 32 15 70 16 96 17 43 18 39 19 32 20 2 
1 60 2 14 3 21 4 47 5 98 6 16 7 25 8 68 9 5 10 21 11 21 12 34 13 43 14 3 15 58 16 71 17 31 18 11 19 44 20 28 
1 4 2 94 3 61 4 33 5 92 6 49 7 17 8 3 9 68 10 12 11 95 12 92 13 74 14 16 15 23 16 24 17 30 18 50 19 42 20 22 
1 78 2 98 3 99 4 90 5 27 6 20 7 51 8 40 9 58 10 24 11 14 12 92 13 51 14 16 15 54 16 15 17 56 18 21 19 11 20 92 
1 40 2 50 3 36 4 50 5 84 6 60 7 31 8 74 9 17 10 76 11 22 12 25 13 63 14 3 15 40 16 88 17 50 18 46 19 37 20 44 
1 46 2 11 3 97 4 79 5 65 6 42 7 79 8 50 9 22 10 32 11 35 12 50 13 66 14 93 15 39 16 20 17 51 18 92 19 63 20 26 
1 37 2 26 3 46 4 24 5 26 6 9 7 53 8 62 9 67 10 47 11 58 12 19 13 17 14 35 15 60 16 16 17 50 18 6 19 66 20 68 
1 84 2 5 3 20 4 32 5 18 6 36 7 56 8 13 9 23 10 52 11 7 12 75 13 35 14 39 15 33 16 73 17 61 18 6 19 37 20 32 
1 77 2 73 3 11 4 1 5 89 6 7 7 87 8 4 9 83 10 64 11 98 12 1 13 30 14 84 15 87 16 16 17 84 18 18 19 61 20 80 
1 28 2 37 3 95 4 85 5 66 6 4 7 1 8 76 9 88 10 75 11 15 12 40 13 94 14 37 15 78 16 44 17 33 18 75 19 43 20 81 
1 60 2 53 3 65 4 39 5 84 6 19 7 54 8 56 9 10 10 17 11 33 12 27 13 22 14 27 15 70 16 19 17 37 18 57 19 36 20 14 
1 94 2 53 3 38 4 86 5 66 6 86 7 35 8 30 9 85 10 67 11 4 12 71 13 4 14 50 15 51 16 7 17 93 18 19 19 65 20 87 
1 5 2 29 3 99 4 40 5 81 6 49 7 94 8 14 9 52 10 30 11 64 12 21 13 1 14 34 15 79 16 35 17 86 18 90 19 96 20 6 
1 64 2 80 3 7 4 41 5 67 6 35 7 8 8 10 9 23 10 36 11 17 12 10 13 69 14 82 15 69 16 30 17 62 18 8 19 82 20 14 
1 57 2 40 3 78 4 76 5 47 6 21 7 8 8 39 9 28 10 11 11 57 12 73 13 69 14 37 15 9 16 33 17 9 18 24 19 8 20 2 
1 49 2 25 3 20 4 46 5 68 6 85 7 71 8 78 9 62 10 3 11 12 12 62 13 31 14 69 15 67 16 50 17 36 18 65 19 23 20 28 
1 74 2 44 3 58 4 93 5 52 6 67 7 16 8 46 9 98 10 39 11 22 12 95 13 76 14 53 15 20 16 52 17 85 18 80 19 35 20 22 
1 44 2 52 3 54 4 29 5 10 6 5 7 83 8 92 9 56 10 51 11 79 12 89 13 54 14 50 15 98 16 73 17 31 18 85 19 40 20 56 
1 74 2 7 3 20 4 89 5 77 6 29 7 89 8 32 9 69 10 63 11 79 12 28 13 55 14 97 15 2 16 73 17 58 18 94 19 13 20 90 
1 18 2 17 3 9 4 74 5 33 6 31 7 99 8 38 9 56 10 60 11 28 12 3 13 4 14 5 15 94 16 30 17 13 18 9 19 73 20 33 
1 59 2 54 3 19 4 83 5 7 6 93 7 40 8 7 9 5 10 81 11 15 12 77 13 35 14 39 15 94 16 62 17 29 18 81 19 75 20 2 
1 76 2 8 3 3 4 99 5 27 6 39 7 34 8 75 9 43 10 15 11 38 12 37 13 64 14 14 15 66 16 50 17 94 18 98 19 63 20 24 
1 78 2 9 3 57 4 38 5 72 6 29 7 65 8 56 9 11 10 36 11 54 12 88 13 25 14 37 15 66 16 38 17 96 18 17 19 2 20 61 
1 13 2 18 3 85 4 78 5 92 6 30 7 99 8 20 9 82 10 66 11 34 12 91 13 30 14 58 15 97 16 12 17 61 18 91 19 93 20 47 
1 54 2 16 3 54 4 31 5 93 6 23 7 20 8 88 9 32 10 88 11 50 12 81 13 19 14 73 15 83 16 26 17 76 18 69 19 34 20 93 
1 37 2 43 3 17 4 90 5 52 6 27 7 84 8 40 9 91 10 13 11 36 12 9 13 31 14 96 15 81 16 22 17 78 18 6 19 29 20 59 
1 35 2 28 3 67 4 3 5 45 6 9 7 84 8 73 9 5 10 17 11 96 12 55 13 27 14 8 15 35 16 86 17 90 18 81 19 58 20 7 
1 90 2 13 3 13 4 21 5 45 6 47 7 67 8 50 9 52 10 95 11 41 12 40 13 6 14 60 15 61 16 58 17 51 18 49 19 22 20 72 
Reldue
-1 1586 -1 9
-1 1918 -1 7
-1 2762 -1 8
-1 2402 -1 10
-1 1778 -1 1
-1 2113 -1 4
-1 2901 -1 6
-1 1622 -1 4
-1 2530 -1 10
-1 2287 -1 9
-1 1588 -1 6
-1 2896 -1 6
-1 2125 -1 9
-1 2450 -1 3
-1 2695 -1 3
-1 1776 -1 9
-1 2383 -1 2
-1 1768 -1 8
-1 1885 -1 10
-1 2904 -1 2
-1 1868 -1 8
-1 2020 -1 5
-1 1818 -1 6
-1 2709 -1 8
-1 2195 -1 4
-1 2874 -1 9
-1 3004 -1 8
-1 1777 -1 4
-1 1693 -1 8
-1 2463 -1 1
-1 1743 -1 6
-1 1564 -1 10
-1 2151 -1 10
-1 1645 -1 2
-1 2207 -1 10
-1 1784 -1 4
-1 2008 -1 10
-1 2843 -1 6
-1 1799 -1 4
-1 3013 -1 4
-1 2204 -1 7
-1 2736 -1 2
-1 1501 -1 8
-1 1666 -1 10
-1 2062 -1 2
-1 2666 -1 7
-1 2955 -1 1
-1 1413 -1 7
-1 2207 -1 9
-1 1605 -1 1
LB 2806
