50 20
1 38 2 13 3 73 4 10 5 76 6 6 7 80 8 65 9 17 10 2 11 77 12 72 13 7 14 26 15 51 16 21 17 19 18 85 19 12 20 29 
1 30 2 15 3 51 4 69 5 88 6 88 7 95 8 97 9 87 10 14 11 10 12 8 13 64 14 62 15 23 16 58 17 2 18 1 19 61 20 82 
1 9 2 89 3 14 4 48 5 73 6 31 7 72 8 4 9 71 10 22 11 50 12 58 13 4 14 69 15 25 16 44 17 77 18 27 19 53 20 81 
1 42 2 83 3 16 4 65 5 69 6 26 7 99 8 88 9 8 10 27 11 26 12 23 13 10 14 68 15 24 16 28 17 38 18 58 19 84 20 39 
1 9 2 33 3 35 4 11 5 24 6 16 7 88 8 26 9 72 10 93 11 75 12 63 13 47 14 33 15 89 16 24 17 56 18 66 19 78 20 4 
1 1 2 78 3 7 4 53 5 86 6 71 7 3 8 77 9 92 10 22 11 76 12 8 13 78 14 73 15 76 16 77 17 44 18 21 19 31 20 37 
1 8 2 46 3 69 4 58 5 83 6 97 7 14 8 11 9 24 10 82 11 8 12 25 13 75 14 93 15 21 16 33 17 13 18 66 19 95 20 61 
1 25 2 83 3 98 4 3 5 93 6 99 7 11 8 55 9 97 10 83 11 87 12 71 13 67 14 72 15 49 16 55 17 16 18 6 19 18 20 43 
1 21 2 49 3 23 4 14 5 98 6 54 7 85 8 11 9 97 10 56 11 62 12 57 13 90 14 22 15 97 16 84 17 26 18 15 19 14 20 85 
1 44 2 7 3 78 4 57 5 60 6 16 7 25 8 10 9 67 10 72 11 54 12 70 13 37 14 22 15 41 16 78 17 92 18 50 19 48 20 78 
1 41 2 79 3 46 4 88 5 17 6 29 7 46 8 68 9 67 10 79 11 47 12 1 13 30 14 64 15 76 16 36 17 54 18 94 19 34 20 3 
1 85 2 84 3 49 4 55 5 33 6 29 7 56 8 83 9 32 10 29 11 95 12 75 13 9 14 33 15 9 16 85 17 78 18 51 19 80 20 42 
1 65 2 84 3 25 4 21 5 45 6 16 7 31 8 92 9 15 10 20 11 27 12 87 13 8 14 54 15 48 16 61 17 35 18 33 19 20 20 68 
1 25 2 84 3 95 4 39 5 48 6 6 7 80 8 64 9 88 10 33 11 43 12 75 13 67 14 89 15 99 16 31 17 18 18 69 19 65 20 61 
1 79 2 18 3 40 4 36 5 82 6 29 7 23 8 39 9 42 10 75 11 78 12 71 13 26 14 49 15 51 16 63 17 45 18 55 19 1 20 87 
1 17 2 20 3 10 4 93 5 52 6 11 7 69 8 24 9 15 10 64 11 22 12 47 13 4 14 57 15 89 16 81 17 47 18 55 19 80 20 72 
1 15 2 78 3 16 4 26 5 54 6 85 7 59 8 86 9 30 10 45 11 38 12 23 13 92 14 55 15 77 16 13 17 60 18 27 19 77 20 72 
1 88 2 40 3 44 4 77 5 39 6 92 7 70 8 99 9 34 10 44 11 27 12 57 13 70 14 74 15 53 16 90 17 28 18 44 19 2 20 83 
1 95 2 97 3 27 4 85 5 31 6 65 7 23 8 99 9 53 10 4 11 71 12 13 13 40 14 84 15 49 16 62 17 71 18 14 19 37 20 24 
1 23 2 67 3 93 4 96 5 54 6 10 7 42 8 58 9 89 10 94 11 77 12 83 13 12 14 37 15 17 16 31 17 85 18 58 19 36 20 42 
1 82 2 3 3 86 4 94 5 37 6 47 7 81 8 28 9 73 10 29 11 3 12 14 13 42 14 37 15 41 16 19 17 98 18 39 19 64 20 47 
1 90 2 3 3 99 4 29 5 79 6 76 7 59 8 43 9 27 10 22 11 59 12 17 13 93 14 38 15 12 16 23 17 7 18 97 19 15 20 88 
1 76 2 36 3 64 4 33 5 92 6 50 7 1 8 23 9 98 10 71 11 37 12 19 13 28 14 29 15 53 16 95 17 51 18 47 19 8 20 86 
1 17 2 30 3 12 4 62 5 15 6 31 7 9 8 41 9 49 10 31 11 24 12 67 13 93 14 65 15 13 16 18 17 34 18 11 19 29 20 76 
1 6 2 82 3 6 4 43 5 87 6 53 7 58 8 57 9 79 10 88 11 82 12 11 13 73 14 49 15 20 16 13 17 26 18 78 19 17 20 5 
1 89 2 28 3 51 4 69 5 4 6 59 7 13 8 3 9 77 10 97 11 97 12 62 13 16 14 75 15 13 16 19 17 31 18 60 19 6 20 17 
1 96 2 97 3 61 4 44 5 32 6 45 7 25 8 63 9 80 10 22 11 20 12 78 13 34 14 5 15 40 16 68 17 35 18 35 19 43 20 79 
1 83 2 39 3 49 4 82 5 6 6 92 7 9 8 41 9 70 10 6 11 8 12 79 13 38 14 79 15 34 16 28 17 52 18 78 19 31 20 44 
1 47 2 10 3 68 4 4 5 68 6 55 7 98 8 64 9 81 10 29 11 38 12 65 13 38 14 94 15 19 16 79 17 71 18 93 19 53 20 11 
1 33 2 47 3 64 4 94 5 19 6 37 7 30 8 40 9 29 10 55 11 30 12 56 13 91 14 28 15 61 16 13 17 18 18 72 19 92 20 8 
1 84 2 57 3 52 4 33 5 77 6 63 7 52 8 97 9 31 10 23 11 6 12 92 13 96 14 23 15 77 16 23 17 19 18 94 19 30 20 19 
1 53 2 32 3 50 4 99 5 84 6 94 7 46 8 52 9 87 10 16 11 72 12 49 13 29 14 84 15 28 16 44 17 20 18 80 19 71 20 89 
1 87 2 12 3 66 4 94 5 16 6 52 7 99 8 87 9 46 10 64 11 43 12 23 13 83 14 41 15 45 16 17 17 18 18 89 19 1 20 98 
1 83 2 72 3 15 4 37 5 27 6 33 7 2 8 49 9 89 10 23 11 35 12 95 13 22 14 69 15 68 16 49 17 19 18 98 19 12 20 12 
1 53 2 77 3 69 4 46 5 65 6 90 7 41 8 8 9 8 10 34 11 59 12 8 13 35 14 5 15 6 16 62 17 51 18 77 19 46 20 97 
1 22 2 93 3 72 4 93 5 26 6 98 7 2 8 14 9 39 10 86 11 28 12 39 13 85 14 34 15 2 16 32 17 39 18 29 19 76 20 32 
1 52 2 67 3 68 4 33 5 75 6 33 7 98 8 6 9 1 10 38 11 73 12 44 13 25 14 17 15 97 16 97 17 42 18 25 19 22 20 28 
1 47 2 36 3 63 4 69 5 63 6 33 7 46 8 89 9 43 10 58 11 26 12 33 13 34 14 7 15 66 16 52 17 32 18 8 19 14 20 4 
1 29 2 16 3 30 4 67 5 62 6 84 7 97 8 59 9 83 10 35 11 31 12 58 13 97 14 50 15 47 16 84 17 42 18 21 19 41 20 51 
1 5 2 10 3 1 4 91 5 22 6 75 7 22 8 34 9 39 10 38 11 44 12 34 13 96 14 42 15 72 16 70 17 71 18 24 19 87 20 40 
1 32 2 38 3 39 4 57 5 88 6 29 7 37 8 67 9 11 10 85 11 1 12 17 13 31 14 4 15 79 16 60 17 54 18 70 19 50 20 75 
1 47 2 28 3 34 4 73 5 69 6 40 7 33 8 98 9 8 10 34 11 63 12 15 13 78 14 44 15 62 16 86 17 37 18 13 19 54 20 27 
1 83 2 13 3 26 4 2 5 42 6 56 7 56 8 65 9 16 10 93 11 41 12 61 13 71 14 50 15 51 16 33 17 91 18 21 19 53 20 39 
1 66 2 81 3 58 4 53 5 90 6 20 7 95 8 65 9 43 10 48 11 22 12 98 13 2 14 90 15 39 16 13 17 19 18 78 19 78 20 89 
1 91 2 84 3 40 4 99 5 16 6 38 7 97 8 37 9 99 10 2 11 33 12 31 13 8 14 51 15 51 16 33 17 44 18 42 19 70 20 2 
1 98 2 52 3 31 4 83 5 50 6 82 7 83 8 96 9 72 10 22 11 19 12 47 13 45 14 92 15 10 16 5 17 78 18 64 19 24 20 96 
1 60 2 65 3 83 4 32 5 2 6 85 7 79 8 69 9 55 10 26 11 84 12 28 13 57 14 93 15 9 16 56 17 77 18 47 19 50 20 12 
1 9 2 62 3 75 4 24 5 89 6 90 7 83 8 83 9 6 10 43 11 47 12 22 13 52 14 74 15 43 16 14 17 19 18 24 19 46 20 96 
1 53 2 34 3 55 4 15 5 58 6 62 7 41 8 73 9 66 10 23 11 3 12 87 13 2 14 73 15 52 16 72 17 88 18 78 19 63 20 49 
1 1 2 43 3 40 4 4 5 58 6 44 7 54 8 44 9 75 10 99 11 98 12 76 13 60 14 67 15 75 16 92 17 6 18 27 19 68 20 32 
Reldue
-1 1898 -1 4
-1 2069 -1 2
-1 1388 -1 9
-1 2096 -1 9
-1 2437 -1 5
-1 1701 -1 10
-1 1380 -1 5
-1 2586 -1 8
-1 2634 -1 3
-1 2559 -1 3
-1 1675 -1 1
-1 2948 -1 10
-1 1849 -1 5
-1 1824 -1 5
-1 2084 -1 3
-1 1720 -1 4
-1 2378 -1 2
-1 1612 -1 2
-1 1584 -1 8
-1 2416 -1 3
-1 1461 -1 1
-1 2918 -1 8
-1 2171 -1 5
-1 2882 -1 3
-1 1430 -1 9
-1 2660 -1 3
-1 1566 -1 5
-1 1480 -1 3
-1 2625 -1 4
-1 2564 -1 10
-1 2659 -1 10
-1 2815 -1 3
-1 1607 -1 4
-1 2806 -1 4
-1 2524 -1 10
-1 2442 -1 3
-1 1991 -1 9
-1 1470 -1 1
-1 1489 -1 7
-1 2201 -1 9
-1 1682 -1 7
-1 1385 -1 5
-1 1384 -1 8
-1 2533 -1 4
-1 2728 -1 2
-1 1588 -1 6
-1 1545 -1 7
-1 1768 -1 5
-1 2389 -1 8
-1 1562 -1 9
LB 2751
