50 20
1 54 2 63 3 7 4 49 5 66 6 84 7 78 8 91 9 33 10 69 11 99 12 46 13 18 14 56 15 54 16 90 17 53 18 89 19 22 20 31 
1 16 2 43 3 24 4 48 5 92 6 57 7 83 8 48 9 13 10 48 11 17 12 13 13 61 14 77 15 84 16 20 17 30 18 52 19 29 20 82 
1 45 2 18 3 60 4 53 5 71 6 41 7 1 8 79 9 97 10 92 11 46 12 80 13 53 14 29 15 40 16 13 17 47 18 41 19 23 20 59 
1 52 2 64 3 75 4 71 5 55 6 25 7 78 8 23 9 74 10 60 11 66 12 58 13 65 14 12 15 71 16 24 17 49 18 84 19 93 20 87 
1 8 2 34 3 29 4 35 5 1 6 62 7 87 8 25 9 46 10 56 11 36 12 1 13 33 14 7 15 69 16 33 17 4 18 93 19 40 20 87 
1 5 2 16 3 28 4 8 5 10 6 47 7 50 8 76 9 63 10 40 11 97 12 90 13 39 14 42 15 75 16 57 17 38 18 20 19 62 20 24 
1 24 2 38 3 74 4 17 5 37 6 42 7 89 8 7 9 76 10 98 11 55 12 58 13 18 14 78 15 92 16 70 17 9 18 64 19 59 20 94 
1 30 2 62 3 5 4 5 5 92 6 7 7 79 8 14 9 39 10 13 11 39 12 19 13 98 14 29 15 44 16 57 17 40 18 11 19 67 20 83 
1 83 2 78 3 96 4 30 5 56 6 50 7 79 8 34 9 42 10 74 11 71 12 10 13 33 14 6 15 42 16 4 17 97 18 98 19 41 20 21 
1 36 2 91 3 19 4 2 5 80 6 79 7 66 8 44 9 13 10 75 11 61 12 97 13 84 14 95 15 58 16 77 17 64 18 68 19 87 20 98 
1 34 2 45 3 38 4 79 5 3 6 98 7 10 8 77 9 57 10 64 11 42 12 76 13 16 14 92 15 52 16 24 17 70 18 33 19 1 20 56 
1 86 2 56 3 47 4 29 5 56 6 55 7 13 8 54 9 72 10 45 11 4 12 40 13 77 14 86 15 30 16 91 17 86 18 35 19 44 20 93 
1 81 2 61 3 61 4 51 5 29 6 24 7 79 8 21 9 45 10 83 11 1 12 70 13 31 14 28 15 50 16 58 17 32 18 42 19 77 20 84 
1 29 2 89 3 1 4 57 5 54 6 53 7 93 8 82 9 37 10 98 11 9 12 56 13 98 14 19 15 80 16 13 17 99 18 36 19 29 20 35 
1 26 2 16 3 55 4 41 5 36 6 91 7 86 8 46 9 23 10 86 11 99 12 97 13 39 14 56 15 80 16 89 17 36 18 33 19 11 20 41 
1 5 2 43 3 71 4 19 5 10 6 66 7 33 8 66 9 22 10 50 11 18 12 48 13 89 14 10 15 74 16 85 17 63 18 12 19 29 20 48 
1 44 2 48 3 86 4 96 5 38 6 79 7 19 8 7 9 69 10 87 11 53 12 74 13 63 14 77 15 55 16 54 17 19 18 64 19 98 20 15 
1 21 2 2 3 14 4 85 5 77 6 78 7 11 8 47 9 15 10 12 11 86 12 93 13 79 14 74 15 69 16 33 17 49 18 39 19 4 20 83 
1 14 2 81 3 47 4 25 5 63 6 56 7 72 8 75 9 24 10 45 11 49 12 35 13 41 14 42 15 54 16 88 17 82 18 2 19 20 20 86 
1 21 2 50 3 65 4 62 5 67 6 32 7 76 8 1 9 52 10 45 11 43 12 25 13 73 14 17 15 96 16 58 17 23 18 34 19 63 20 55 
1 57 2 46 3 96 4 81 5 89 6 27 7 68 8 49 9 75 10 42 11 41 12 41 13 55 14 81 15 18 16 10 17 99 18 5 19 33 20 43 
1 18 2 27 3 79 4 75 5 76 6 1 7 96 8 31 9 77 10 7 11 38 12 53 13 97 14 52 15 26 16 88 17 87 18 58 19 61 20 54 
1 85 2 77 3 62 4 65 5 71 6 25 7 64 8 87 9 46 10 5 11 78 12 91 13 3 14 43 15 24 16 46 17 87 18 5 19 4 20 12 
1 23 2 81 3 60 4 34 5 21 6 21 7 21 8 8 9 60 10 66 11 29 12 41 13 23 14 48 15 58 16 86 17 24 18 98 19 66 20 93 
1 82 2 68 3 84 4 38 5 32 6 51 7 66 8 81 9 8 10 20 11 16 12 13 13 20 14 4 15 35 16 46 17 15 18 70 19 65 20 52 
1 50 2 25 3 56 4 87 5 2 6 45 7 29 8 94 9 58 10 90 11 13 12 5 13 40 14 88 15 89 16 57 17 1 18 38 19 88 20 8 
1 22 2 35 3 15 4 52 5 71 6 76 7 5 8 41 9 6 10 57 11 97 12 9 13 85 14 69 15 63 16 47 17 40 18 29 19 29 20 10 
1 52 2 87 3 75 4 31 5 49 6 41 7 89 8 45 9 18 10 53 11 64 12 86 13 66 14 90 15 94 16 56 17 16 18 48 19 42 20 8 
1 65 2 49 3 75 4 50 5 35 6 61 7 53 8 16 9 62 10 31 11 38 12 83 13 27 14 18 15 44 16 24 17 62 18 93 19 78 20 71 
1 52 2 90 3 86 4 28 5 26 6 68 7 48 8 21 9 7 10 58 11 24 12 88 13 30 14 73 15 51 16 21 17 25 18 23 19 89 20 68 
1 80 2 28 3 86 4 79 5 67 6 11 7 92 8 63 9 55 10 20 11 99 12 22 13 50 14 38 15 42 16 13 17 35 18 41 19 12 20 30 
1 81 2 83 3 62 4 8 5 62 6 1 7 89 8 60 9 17 10 63 11 61 12 56 13 98 14 72 15 7 16 47 17 83 18 96 19 8 20 89 
1 60 2 33 3 83 4 94 5 6 6 55 7 46 8 55 9 16 10 90 11 29 12 46 13 34 14 4 15 92 16 70 17 39 18 83 19 61 20 55 
1 50 2 45 3 33 4 98 5 82 6 11 7 22 8 83 9 33 10 99 11 75 12 16 13 22 14 67 15 69 16 34 17 43 18 48 19 10 20 42 
1 32 2 35 3 15 4 67 5 17 6 72 7 99 8 24 9 97 10 1 11 93 12 96 13 69 14 73 15 92 16 10 17 66 18 27 19 84 20 55 
1 37 2 50 3 42 4 53 5 38 6 74 7 27 8 8 9 98 10 10 11 89 12 44 13 6 14 88 15 25 16 49 17 44 18 4 19 21 20 12 
1 79 2 78 3 32 4 70 5 89 6 66 7 31 8 55 9 24 10 53 11 60 12 42 13 24 14 89 15 10 16 61 17 92 18 97 19 24 20 38 
1 32 2 50 3 79 4 38 5 23 6 85 7 87 8 27 9 43 10 99 11 82 12 78 13 44 14 88 15 67 16 7 17 56 18 24 19 45 20 88 
1 27 2 83 3 62 4 52 5 80 6 35 7 48 8 11 9 76 10 36 11 23 12 57 13 76 14 8 15 28 16 37 17 64 18 29 19 1 20 80 
1 81 2 44 3 44 4 72 5 39 6 68 7 62 8 28 9 68 10 45 11 15 12 45 13 78 14 81 15 76 16 38 17 95 18 79 19 41 20 14 
1 41 2 43 3 34 4 29 5 15 6 74 7 91 8 21 9 92 10 39 11 22 12 6 13 67 14 86 15 50 16 40 17 48 18 6 19 49 20 33 
1 6 2 7 3 3 4 74 5 14 6 7 7 29 8 13 9 13 10 89 11 39 12 56 13 6 14 31 15 32 16 22 17 4 18 93 19 63 20 79 
1 34 2 76 3 25 4 39 5 4 6 27 7 37 8 97 9 5 10 10 11 36 12 89 13 52 14 93 15 90 16 99 17 64 18 65 19 17 20 40 
1 16 2 59 3 17 4 63 5 13 6 92 7 15 8 6 9 43 10 47 11 73 12 1 13 79 14 75 15 88 16 39 17 86 18 44 19 94 20 61 
1 39 2 27 3 82 4 93 5 77 6 74 7 49 8 78 9 40 10 48 11 55 12 35 13 9 14 93 15 47 16 33 17 10 18 18 19 23 20 73 
1 22 2 95 3 25 4 23 5 37 6 13 7 94 8 22 9 30 10 65 11 50 12 65 13 1 14 85 15 33 16 82 17 46 18 47 19 20 20 88 
1 3 2 82 3 75 4 94 5 50 6 35 7 84 8 73 9 99 10 2 11 25 12 23 13 87 14 77 15 6 16 51 17 43 18 31 19 78 20 80 
1 41 2 30 3 11 4 59 5 50 6 9 7 29 8 31 9 65 10 47 11 89 12 9 13 96 14 27 15 48 16 84 17 26 18 12 19 30 20 98 
1 47 2 78 3 20 4 32 5 52 6 70 7 67 8 22 9 25 10 54 11 71 12 75 13 71 14 30 15 8 16 52 17 77 18 63 19 13 20 2 
1 89 2 33 3 17 4 38 5 93 6 40 7 50 8 86 9 23 10 62 11 78 12 8 13 75 14 76 15 88 16 29 17 28 18 87 19 53 20 6 
Reldue
-1 1580 -1 6
-1 2981 -1 7
-1 1787 -1 3
-1 2215 -1 2
-1 3060 -1 10
-1 2262 -1 2
-1 2408 -1 4
-1 2012 -1 2
-1 2659 -1 7
-1 2708 -1 6
-1 2898 -1 10
-1 2236 -1 8
-1 2269 -1 6
-1 3131 -1 5
-1 2038 -1 10
-1 1964 -1 5
-1 2663 -1 4
-1 1890 -1 10
-1 1479 -1 5
-1 2296 -1 4
-1 2469 -1 3
-1 2328 -1 4
-1 2119 -1 1
-1 2400 -1 4
-1 2429 -1 9
-1 1549 -1 8
-1 2723 -1 7
-1 2980 -1 10
-1 2578 -1 7
-1 2588 -1 7
-1 1716 -1 1
-1 2052 -1 7
-1 1750 -1 8
-1 2431 -1 2
-1 1548 -1 7
-1 1786 -1 4
-1 1911 -1 5
-1 1694 -1 6
-1 1925 -1 6
-1 1520 -1 3
-1 1741 -1 5
-1 2216 -1 7
-1 2206 -1 6
-1 2142 -1 1
-1 2239 -1 1
-1 2990 -1 9
-1 3023 -1 8
-1 1556 -1 6
-1 2147 -1 2
-1 2847 -1 7
LB 2869
